longitude,latitude,val
-17.299999237060547,16.600000381469727,
-17.299999237060547,16.5,
-17.299999237060547,16.399999618530273,
-17.299999237060547,16.299999237060547,
-17.299999237060547,16.200000762939453,
-17.299999237060547,16.100000381469727,
-17.299999237060547,16.0,
-17.299999237060547,15.899999618530272,
-17.299999237060547,15.800000190734863,
-17.299999237060547,15.699999809265137,
-17.299999237060547,15.600000381469728,
-17.299999237060547,15.5,
-17.299999237060547,15.399999618530272,
-17.299999237060547,15.300000190734863,
-17.299999237060547,15.199999809265137,
-17.299999237060547,15.100000381469728,
-17.299999237060547,15.0,
-17.299999237060547,14.899999618530272,
-17.299999237060547,14.800000190734863,-126.26333205638436
-17.299999237060547,14.699999809265137,
-17.299999237060547,14.600000381469728,
-17.299999237060547,14.5,
-17.299999237060547,14.399999618530272,
-17.299999237060547,14.300000190734863,
-17.299999237060547,14.199999809265137,
-17.299999237060547,14.100000381469728,
-17.299999237060547,14.0,
-17.299999237060547,13.899999618530272,
-17.299999237060547,13.800000190734863,
-17.299999237060547,13.699999809265137,
-17.299999237060547,13.600000381469728,
-17.299999237060547,13.5,
-17.299999237060547,13.399999618530272,
-17.299999237060547,13.300000190734863,
-17.299999237060547,13.199999809265137,
-17.299999237060547,13.100000381469728,
-17.299999237060547,13.0,
-17.299999237060547,12.899999618530272,
-17.299999237060547,12.800000190734863,
-17.299999237060547,12.699999809265137,
-17.299999237060547,12.600000381469728,
-17.299999237060547,12.5,
-17.299999237060547,12.399999618530272,
-17.200000762939453,16.600000381469727,
-17.200000762939453,16.5,
-17.200000762939453,16.399999618530273,
-17.200000762939453,16.299999237060547,
-17.200000762939453,16.200000762939453,
-17.200000762939453,16.100000381469727,
-17.200000762939453,16.0,
-17.200000762939453,15.899999618530272,
-17.200000762939453,15.800000190734863,
-17.200000762939453,15.699999809265137,
-17.200000762939453,15.600000381469728,
-17.200000762939453,15.5,
-17.200000762939453,15.399999618530272,
-17.200000762939453,15.300000190734863,
-17.200000762939453,15.199999809265137,
-17.200000762939453,15.100000381469728,
-17.200000762939453,15.0,
-17.200000762939453,14.899999618530272,
-17.200000762939453,14.800000190734863,-133.06413951228296
-17.200000762939453,14.699999809265137,-142.73029747882327
-17.200000762939453,14.600000381469728,
-17.200000762939453,14.5,
-17.200000762939453,14.399999618530272,
-17.200000762939453,14.300000190734863,
-17.200000762939453,14.199999809265137,
-17.200000762939453,14.100000381469728,
-17.200000762939453,14.0,
-17.200000762939453,13.899999618530272,
-17.200000762939453,13.800000190734863,
-17.200000762939453,13.699999809265137,
-17.200000762939453,13.600000381469728,
-17.200000762939453,13.5,
-17.200000762939453,13.399999618530272,
-17.200000762939453,13.300000190734863,
-17.200000762939453,13.199999809265137,
-17.200000762939453,13.100000381469728,
-17.200000762939453,13.0,
-17.200000762939453,12.899999618530272,
-17.200000762939453,12.800000190734863,
-17.200000762939453,12.699999809265137,
-17.200000762939453,12.600000381469728,
-17.200000762939453,12.5,
-17.200000762939453,12.399999618530272,
-17.100000381469727,16.600000381469727,
-17.100000381469727,16.5,
-17.100000381469727,16.399999618530273,
-17.100000381469727,16.299999237060547,
-17.100000381469727,16.200000762939453,
-17.100000381469727,16.100000381469727,
-17.100000381469727,16.0,
-17.100000381469727,15.899999618530272,
-17.100000381469727,15.800000190734863,
-17.100000381469727,15.699999809265137,
-17.100000381469727,15.600000381469728,
-17.100000381469727,15.5,
-17.100000381469727,15.399999618530272,
-17.100000381469727,15.300000190734863,
-17.100000381469727,15.199999809265137,
-17.100000381469727,15.100000381469728,
-17.100000381469727,15.0,
-17.100000381469727,14.899999618530272,-131.5242514419521
-17.100000381469727,14.800000190734863,-146.4196254332603
-17.100000381469727,14.699999809265137,-154.7365797773124
-17.100000381469727,14.600000381469728,
-17.100000381469727,14.5,
-17.100000381469727,14.399999618530272,
-17.100000381469727,14.300000190734863,
-17.100000381469727,14.199999809265137,
-17.100000381469727,14.100000381469728,
-17.100000381469727,14.0,
-17.100000381469727,13.899999618530272,
-17.100000381469727,13.800000190734863,
-17.100000381469727,13.699999809265137,
-17.100000381469727,13.600000381469728,
-17.100000381469727,13.5,
-17.100000381469727,13.399999618530272,
-17.100000381469727,13.300000190734863,
-17.100000381469727,13.199999809265137,
-17.100000381469727,13.100000381469728,
-17.100000381469727,13.0,
-17.100000381469727,12.899999618530272,
-17.100000381469727,12.800000190734863,
-17.100000381469727,12.699999809265137,
-17.100000381469727,12.600000381469728,
-17.100000381469727,12.5,
-17.100000381469727,12.399999618530272,
-17.0,16.600000381469727,
-17.0,16.5,
-17.0,16.399999618530273,
-17.0,16.299999237060547,
-17.0,16.200000762939453,
-17.0,16.100000381469727,
-17.0,16.0,
-17.0,15.899999618530272,
-17.0,15.800000190734863,
-17.0,15.699999809265137,
-17.0,15.600000381469728,
-17.0,15.5,
-17.0,15.399999618530272,
-17.0,15.300000190734863,
-17.0,15.199999809265137,
-17.0,15.100000381469728,
-17.0,15.0,-119.59861261960324
-17.0,14.899999618530272,-134.50585747418046
-17.0,14.800000190734863,-145.97710452517907
-17.0,14.699999809265137,-149.52504018343527
-17.0,14.600000381469728,-146.19677042633404
-17.0,14.5,-147.37707461194077
-17.0,14.399999618530272,
-17.0,14.300000190734863,
-17.0,14.199999809265137,
-17.0,14.100000381469728,
-17.0,14.0,
-17.0,13.899999618530272,
-17.0,13.800000190734863,
-17.0,13.699999809265137,
-17.0,13.600000381469728,
-17.0,13.5,
-17.0,13.399999618530272,
-17.0,13.300000190734863,
-17.0,13.199999809265137,
-17.0,13.100000381469728,
-17.0,13.0,
-17.0,12.899999618530272,
-17.0,12.800000190734863,
-17.0,12.699999809265137,
-17.0,12.600000381469728,
-17.0,12.5,
-17.0,12.399999618530272,
-16.899999618530273,16.600000381469727,
-16.899999618530273,16.5,
-16.899999618530273,16.399999618530273,
-16.899999618530273,16.299999237060547,
-16.899999618530273,16.200000762939453,
-16.899999618530273,16.100000381469727,
-16.899999618530273,16.0,
-16.899999618530273,15.899999618530272,
-16.899999618530273,15.800000190734863,
-16.899999618530273,15.699999809265137,
-16.899999618530273,15.600000381469728,
-16.899999618530273,15.5,
-16.899999618530273,15.399999618530272,
-16.899999618530273,15.300000190734863,
-16.899999618530273,15.199999809265137,
-16.899999618530273,15.100000381469728,-112.42652267594433
-16.899999618530273,15.0,-126.75003520411992
-16.899999618530273,14.899999618530272,-136.41662596500274
-16.899999618530273,14.800000190734863,-144.45696982749064
-16.899999618530273,14.699999809265137,-147.34266837955832
-16.899999618530273,14.600000381469728,-146.82116408558332
-16.899999618530273,14.5,-143.98379253114757
-16.899999618530273,14.399999618530272,-144.23211882949667
-16.899999618530273,14.300000190734863,-141.71211235826192
-16.899999618530273,14.199999809265137,
-16.899999618530273,14.100000381469728,
-16.899999618530273,14.0,
-16.899999618530273,13.899999618530272,
-16.899999618530273,13.800000190734863,
-16.899999618530273,13.699999809265137,
-16.899999618530273,13.600000381469728,
-16.899999618530273,13.5,
-16.899999618530273,13.399999618530272,
-16.899999618530273,13.300000190734863,
-16.899999618530273,13.199999809265137,
-16.899999618530273,13.100000381469728,
-16.899999618530273,13.0,
-16.899999618530273,12.899999618530272,
-16.899999618530273,12.800000190734863,
-16.899999618530273,12.699999809265137,
-16.899999618530273,12.600000381469728,
-16.899999618530273,12.5,
-16.899999618530273,12.399999618530272,
-16.799999237060547,16.600000381469727,
-16.799999237060547,16.5,
-16.799999237060547,16.399999618530273,
-16.799999237060547,16.299999237060547,
-16.799999237060547,16.200000762939453,
-16.799999237060547,16.100000381469727,
-16.799999237060547,16.0,
-16.799999237060547,15.899999618530272,
-16.799999237060547,15.800000190734863,
-16.799999237060547,15.699999809265137,
-16.799999237060547,15.600000381469728,
-16.799999237060547,15.5,
-16.799999237060547,15.399999618530272,
-16.799999237060547,15.300000190734863,-98.19373701780464
-16.799999237060547,15.199999809265137,-101.94545893530572
-16.799999237060547,15.100000381469728,-113.79875527197096
-16.799999237060547,15.0,-124.89832218602236
-16.799999237060547,14.899999618530272,-131.5401526466549
-16.799999237060547,14.800000190734863,-135.89019576552494
-16.799999237060547,14.699999809265137,-136.9511538285042
-16.799999237060547,14.600000381469728,-136.34108669297763
-16.799999237060547,14.5,-135.10688711900866
-16.799999237060547,14.399999618530272,-136.43336417361428
-16.799999237060547,14.300000190734863,-133.53958735819535
-16.799999237060547,14.199999809265137,-134.71561509840575
-16.799999237060547,14.100000381469728,
-16.799999237060547,14.0,
-16.799999237060547,13.899999618530272,
-16.799999237060547,13.800000190734863,
-16.799999237060547,13.699999809265137,
-16.799999237060547,13.600000381469728,
-16.799999237060547,13.5,
-16.799999237060547,13.399999618530272,
-16.799999237060547,13.300000190734863,
-16.799999237060547,13.199999809265137,
-16.799999237060547,13.100000381469728,
-16.799999237060547,13.0,
-16.799999237060547,12.899999618530272,
-16.799999237060547,12.800000190734863,
-16.799999237060547,12.699999809265137,
-16.799999237060547,12.600000381469728,
-16.799999237060547,12.5,
-16.799999237060547,12.399999618530272,
-16.700000762939453,16.600000381469727,
-16.700000762939453,16.5,
-16.700000762939453,16.399999618530273,
-16.700000762939453,16.299999237060547,
-16.700000762939453,16.200000762939453,
-16.700000762939453,16.100000381469727,
-16.700000762939453,16.0,
-16.700000762939453,15.899999618530272,
-16.700000762939453,15.800000190734863,
-16.700000762939453,15.699999809265137,
-16.700000762939453,15.600000381469728,
-16.700000762939453,15.5,
-16.700000762939453,15.399999618530272,-102.29617064279844
-16.700000762939453,15.300000190734863,-98.086613464045
-16.700000762939453,15.199999809265137,-101.62546142401692
-16.700000762939453,15.100000381469728,-111.4092658424196
-16.700000762939453,15.0,-119.41769492044966
-16.700000762939453,14.899999618530272,-122.08146474626196
-16.700000762939453,14.800000190734863,-125.10925489742266
-16.700000762939453,14.699999809265137,-124.90060870836368
-16.700000762939453,14.600000381469728,-123.5592963936949
-16.700000762939453,14.5,-120.11674123319077
-16.700000762939453,14.399999618530272,-124.3706751112714
-16.700000762939453,14.300000190734863,-125.9602821489701
-16.700000762939453,14.199999809265137,-127.98483901284804
-16.700000762939453,14.100000381469728,-128.36350648094293
-16.700000762939453,14.0,-140.3628468663349
-16.700000762939453,13.899999618530272,-160.13913952954812
-16.700000762939453,13.800000190734863,
-16.700000762939453,13.699999809265137,
-16.700000762939453,13.600000381469728,
-16.700000762939453,13.5,
-16.700000762939453,13.399999618530272,
-16.700000762939453,13.300000190734863,
-16.700000762939453,13.199999809265137,
-16.700000762939453,13.100000381469728,-266.4625176600836
-16.700000762939453,13.0,-276.6007278720685
-16.700000762939453,12.899999618530272,-285.9389938220713
-16.700000762939453,12.800000190734863,-280.20096856779674
-16.700000762939453,12.699999809265137,-283.6834103362013
-16.700000762939453,12.600000381469728,-293.6905474075237
-16.700000762939453,12.5,-288.7934774559043
-16.700000762939453,12.399999618530272,-287.16169793901213
-16.600000381469727,16.600000381469727,
-16.600000381469727,16.5,
-16.600000381469727,16.399999618530273,
-16.600000381469727,16.299999237060547,
-16.600000381469727,16.200000762939453,
-16.600000381469727,16.100000381469727,
-16.600000381469727,16.0,
-16.600000381469727,15.899999618530272,
-16.600000381469727,15.800000190734863,
-16.600000381469727,15.699999809265137,
-16.600000381469727,15.600000381469728,-95.14864083321636
-16.600000381469727,15.5,-93.82016198655954
-16.600000381469727,15.399999618530272,-95.67305802515168
-16.600000381469727,15.300000190734863,-94.99373795613818
-16.600000381469727,15.199999809265137,-97.50591610264796
-16.600000381469727,15.100000381469728,-103.05805447511656
-16.600000381469727,15.0,-107.45562861200796
-16.600000381469727,14.899999618530272,-108.91558546127744
-16.600000381469727,14.800000190734863,-110.30156433903014
-16.600000381469727,14.699999809265137,-115.36943413811136
-16.600000381469727,14.600000381469728,-119.59261464363786
-16.600000381469727,14.5,-127.975653106952
-16.600000381469727,14.399999618530272,-139.534556124513
-16.600000381469727,14.300000190734863,-143.9330792445301
-16.600000381469727,14.199999809265137,-147.00826594584584
-16.600000381469727,14.100000381469728,-147.49750529871864
-16.600000381469727,14.0,-150.6627237171229
-16.600000381469727,13.899999618530272,-155.2342412299701
-16.600000381469727,13.800000190734863,-159.28186171031416
-16.600000381469727,13.699999809265137,-167.67078370705894
-16.600000381469727,13.600000381469728,
-16.600000381469727,13.5,
-16.600000381469727,13.399999618530272,
-16.600000381469727,13.300000190734863,
-16.600000381469727,13.199999809265137,
-16.600000381469727,13.100000381469728,-219.14352550101543
-16.600000381469727,13.0,-234.9356907436221
-16.600000381469727,12.899999618530272,-246.9696980423347
-16.600000381469727,12.800000190734863,-258.96303623248264
-16.600000381469727,12.699999809265137,-250.7581616466912
-16.600000381469727,12.600000381469728,
-16.600000381469727,12.5,-270.1322309068498
-16.600000381469727,12.399999618530272,-269.3364141292676
-16.5,16.600000381469727,
-16.5,16.5,
-16.5,16.399999618530273,
-16.5,16.299999237060547,
-16.5,16.200000762939453,
-16.5,16.100000381469727,
-16.5,16.0,
-16.5,15.899999618530272,
-16.5,15.800000190734863,-85.83593545508245
-16.5,15.699999809265137,-84.04452025735783
-16.5,15.600000381469728,-91.40529568912105
-16.5,15.5,-96.25257990663856
-16.5,15.399999618530272,-95.73950189738548
-16.5,15.300000190734863,-93.59804860932888
-16.5,15.199999809265137,-93.87143132304648
-16.5,15.100000381469728,-94.85717043998189
-16.5,15.0,-99.99527706676888
-16.5,14.899999618530272,-100.4146843327958
-16.5,14.800000190734863,-109.39164736231342
-16.5,14.699999809265137,-115.6324225989376
-16.5,14.600000381469728,-122.99974765894912
-16.5,14.5,-132.83940580882688
-16.5,14.399999618530272,-149.26315617706217
-16.5,14.300000190734863,-157.45706105047248
-16.5,14.199999809265137,-160.98606211752917
-16.5,14.100000381469728,-163.66813921095877
-16.5,14.0,-169.03781904555365
-16.5,13.899999618530272,-175.4126119337239
-16.5,13.800000190734863,-171.62354097510098
-16.5,13.699999809265137,-177.23051293514652
-16.5,13.600000381469728,-178.14883307165496
-16.5,13.5,
-16.5,13.399999618530272,
-16.5,13.300000190734863,
-16.5,13.199999809265137,
-16.5,13.100000381469728,-229.66203551269305
-16.5,13.0,-243.27067894703063
-16.5,12.899999618530272,-254.9021277003767
-16.5,12.800000190734863,-266.56165573871283
-16.5,12.699999809265137,-259.8869322297518
-16.5,12.600000381469728,-253.87487273207452
-16.5,12.5,-239.514990650344
-16.5,12.399999618530272,-238.48896725692475
-16.399999618530273,16.600000381469727,
-16.399999618530273,16.5,
-16.399999618530273,16.399999618530273,
-16.399999618530273,16.299999237060547,
-16.399999618530273,16.200000762939453,-75.60788098929828
-16.399999618530273,16.100000381469727,-77.61693913414955
-16.399999618530273,16.0,-79.4579304485404
-16.399999618530273,15.899999618530272,-82.60938854486288
-16.399999618530273,15.800000190734863,-84.14658859504507
-16.399999618530273,15.699999809265137,-85.49677969489991
-16.399999618530273,15.600000381469728,-92.35543992224854
-16.399999618530273,15.5,-97.15897678975774
-16.399999618530273,15.399999618530272,-97.435410626888
-16.399999618530273,15.300000190734863,-92.4877110434256
-16.399999618530273,15.199999809265137,-89.07750676687803
-16.399999618530273,15.100000381469728,-92.18763947368672
-16.399999618530273,15.0,-92.95350322097406
-16.399999618530273,14.899999618530272,-103.37283340238446
-16.399999618530273,14.800000190734863,-112.06253017989545
-16.399999618530273,14.699999809265137,-119.4452121650924
-16.399999618530273,14.600000381469728,-123.99907974900545
-16.399999618530273,14.5,-129.1759914132674
-16.399999618530273,14.399999618530272,-150.6040780652889
-16.399999618530273,14.300000190734863,-165.69361664030612
-16.399999618530273,14.199999809265137,-171.38134716888288
-16.399999618530273,14.100000381469728,-181.1716708288463
-16.399999618530273,14.0,-186.66335627187016
-16.399999618530273,13.899999618530272,-193.8827692919884
-16.399999618530273,13.800000190734863,-187.24897787176943
-16.399999618530273,13.699999809265137,-184.19956256314092
-16.399999618530273,13.600000381469728,-180.83273576034836
-16.399999618530273,13.5,
-16.399999618530273,13.399999618530272,
-16.399999618530273,13.300000190734863,
-16.399999618530273,13.199999809265137,
-16.399999618530273,13.100000381469728,-231.44990603878895
-16.399999618530273,13.0,-249.18100510184843
-16.399999618530273,12.899999618530272,-257.1801553316419
-16.399999618530273,12.800000190734863,-263.5206754181212
-16.399999618530273,12.699999809265137,-260.417932658686
-16.399999618530273,12.600000381469728,-252.62430542263328
-16.399999618530273,12.5,-244.12138906628456
-16.399999618530273,12.399999618530272,-229.6652331893889
-16.299999237060547,16.600000381469727,
-16.299999237060547,16.5,
-16.299999237060547,16.399999618530273,-79.08497025077997
-16.299999237060547,16.299999237060547,-80.16925469212461
-16.299999237060547,16.200000762939453,-82.86421766289669
-16.299999237060547,16.100000381469727,-80.26793029103709
-16.299999237060547,16.0,-81.09010220358307
-16.299999237060547,15.899999618530272,-84.99113429106944
-16.299999237060547,15.800000190734863,-84.28676856054483
-16.299999237060547,15.699999809265137,-85.58609030456974
-16.299999237060547,15.600000381469728,-91.77528496053309
-16.299999237060547,15.5,-96.20417817335816
-16.299999237060547,15.399999618530272,-97.05885412589748
-16.299999237060547,15.300000190734863,-90.8614140335807
-16.299999237060547,15.199999809265137,-87.8076773353992
-16.299999237060547,15.100000381469728,-92.17261129530031
-16.299999237060547,15.0,-99.64808315783512
-16.299999237060547,14.899999618530272,-108.98537762354384
-16.299999237060547,14.800000190734863,-116.71767434136224
-16.299999237060547,14.699999809265137,-126.68952508799896
-16.299999237060547,14.600000381469728,-128.58822595872397
-16.299999237060547,14.5,-133.6969054460876
-16.299999237060547,14.399999618530272,-140.20338924322897
-16.299999237060547,14.300000190734863,-164.91373610160582
-16.299999237060547,14.199999809265137,-181.59305456589735
-16.299999237060547,14.100000381469728,-194.98394364490625
-16.299999237060547,14.0,-204.03539065631657
-16.299999237060547,13.899999618530272,-212.00611156419444
-16.299999237060547,13.800000190734863,-201.13166015219304
-16.299999237060547,13.699999809265137,-192.88371949610595
-16.299999237060547,13.600000381469728,-189.0140250821377
-16.299999237060547,13.5,
-16.299999237060547,13.399999618530272,
-16.299999237060547,13.300000190734863,
-16.299999237060547,13.199999809265137,
-16.299999237060547,13.100000381469728,-231.2784589341317
-16.299999237060547,13.0,-246.1313921773265
-16.299999237060547,12.899999618530272,-251.36931402880805
-16.299999237060547,12.800000190734863,-256.95613244417746
-16.299999237060547,12.699999809265137,-254.4001662202924
-16.299999237060547,12.600000381469728,-248.41072310883655
-16.299999237060547,12.5,-238.04544352797652
-16.299999237060547,12.399999618530272,
-16.200000762939453,16.600000381469727,
-16.200000762939453,16.5,-79.60209929690473
-16.200000762939453,16.399999618530273,-84.59259677325741
-16.200000762939453,16.299999237060547,-84.84405249702058
-16.200000762939453,16.200000762939453,-79.45659640127423
-16.200000762939453,16.100000381469727,-75.6897714811222
-16.200000762939453,16.0,-73.52956920269878
-16.200000762939453,15.899999618530272,-76.38713452975325
-16.200000762939453,15.800000190734863,-77.6399317457521
-16.200000762939453,15.699999809265137,-81.15488341118414
-16.200000762939453,15.600000381469728,-87.94656988117731
-16.200000762939453,15.5,-90.2782126645172
-16.200000762939453,15.399999618530272,-91.50896728069333
-16.200000762939453,15.300000190734863,-86.29388481687772
-16.200000762939453,15.199999809265137,-87.51426570408239
-16.200000762939453,15.100000381469728,-92.69411445233882
-16.200000762939453,15.0,-102.77760589468356
-16.200000762939453,14.899999618530272,-111.40688479209928
-16.200000762939453,14.800000190734863,-114.89936430513796
-16.200000762939453,14.699999809265137,-120.41615676900162
-16.200000762939453,14.600000381469728,-124.52636022281683
-16.200000762939453,14.5,-132.3734550254478
-16.200000762939453,14.399999618530272,-137.3056097088101
-16.200000762939453,14.300000190734863,-142.6472956767828
-16.200000762939453,14.199999809265137,-151.91732357972063
-16.200000762939453,14.100000381469728,-191.89563093556265
-16.200000762939453,14.0,-209.016780554023
-16.200000762939453,13.899999618530272,-211.3299669538075
-16.200000762939453,13.800000190734863,-204.46113190402505
-16.200000762939453,13.699999809265137,-197.1308996144777
-16.200000762939453,13.600000381469728,-195.4779841206257
-16.200000762939453,13.5,
-16.200000762939453,13.399999618530272,
-16.200000762939453,13.300000190734863,
-16.200000762939453,13.199999809265137,
-16.200000762939453,13.100000381469728,-235.1776888617859
-16.200000762939453,13.0,-246.0941173168405
-16.200000762939453,12.899999618530272,-251.6316555225701
-16.200000762939453,12.800000190734863,-255.20467629207477
-16.200000762939453,12.699999809265137,-250.2620900051803
-16.200000762939453,12.600000381469728,-242.4181251009173
-16.200000762939453,12.5,-239.58233327805988
-16.200000762939453,12.399999618530272,
-16.100000381469727,16.600000381469727,
-16.100000381469727,16.5,-82.23816239236874
-16.100000381469727,16.399999618530273,-82.93116038738256
-16.100000381469727,16.299999237060547,-81.92589046076387
-16.100000381469727,16.200000762939453,-75.69829922879208
-16.100000381469727,16.100000381469727,-74.21908332455098
-16.100000381469727,16.0,-74.34630552111034
-16.100000381469727,15.899999618530272,-75.91059431514772
-16.100000381469727,15.800000190734863,-75.38045450003551
-16.100000381469727,15.699999809265137,-79.94533608887473
-16.100000381469727,15.600000381469728,-85.56898531105605
-16.100000381469727,15.5,-88.08882844183807
-16.100000381469727,15.399999618530272,-92.9097027597692
-16.100000381469727,15.300000190734863,-80.45970139178988
-16.100000381469727,15.199999809265137,-84.038577411971
-16.100000381469727,15.100000381469728,-91.71443375714986
-16.100000381469727,15.0,-99.64027501166746
-16.100000381469727,14.899999618530272,-105.44865385800423
-16.100000381469727,14.800000190734863,-109.12510088272
-16.100000381469727,14.699999809265137,-112.90137968894844
-16.100000381469727,14.600000381469728,-117.34264759793405
-16.100000381469727,14.5,-125.31456293188364
-16.100000381469727,14.399999618530272,-128.4571475606823
-16.100000381469727,14.300000190734863,-134.1316768671382
-16.100000381469727,14.199999809265137,-143.80633547874675
-16.100000381469727,14.100000381469728,-160.23492965810584
-16.100000381469727,14.0,-171.86989009486882
-16.100000381469727,13.899999618530272,-180.53477533116452
-16.100000381469727,13.800000190734863,-189.95404581768983
-16.100000381469727,13.699999809265137,-204.5871504849119
-16.100000381469727,13.600000381469728,-204.6670890883888
-16.100000381469727,13.5,
-16.100000381469727,13.399999618530272,
-16.100000381469727,13.300000190734863,
-16.100000381469727,13.199999809265137,
-16.100000381469727,13.100000381469728,-190.3353628795097
-16.100000381469727,13.0,-195.53442720870123
-16.100000381469727,12.899999618530272,-218.90578745996615
-16.100000381469727,12.800000190734863,-248.4086315605429
-16.100000381469727,12.699999809265137,-236.3678358316641
-16.100000381469727,12.600000381469728,-233.97793708063648
-16.100000381469727,12.5,-237.77317284551785
-16.100000381469727,12.399999618530272,
-16.0,16.600000381469727,
-16.0,16.5,-79.36439824538148
-16.0,16.399999618530273,-80.04786979626363
-16.0,16.299999237060547,-79.00483794173314
-16.0,16.200000762939453,-75.3749984307807
-16.0,16.100000381469727,-74.36786444370199
-16.0,16.0,-75.3827280321262
-16.0,15.899999618530272,-76.07488484608965
-16.0,15.800000190734863,-73.7013826794733
-16.0,15.699999809265137,-77.89755289009892
-16.0,15.600000381469728,-86.26780854893681
-16.0,15.5,-89.44512043749074
-16.0,15.399999618530272,-89.99081371662743
-16.0,15.300000190734863,-76.86158460399116
-16.0,15.199999809265137,-78.85358078389481
-16.0,15.100000381469728,-87.87279299688191
-16.0,15.0,-93.27435912210753
-16.0,14.899999618530272,-95.42235129353796
-16.0,14.800000190734863,-100.39901791748972
-16.0,14.699999809265137,-104.15171962190044
-16.0,14.600000381469728,-108.78812802540926
-16.0,14.5,-114.11255378072384
-16.0,14.399999618530272,-118.51648131017993
-16.0,14.300000190734863,-126.76623739532477
-16.0,14.199999809265137,-136.50081147368218
-16.0,14.100000381469728,-153.18156032564917
-16.0,14.0,-165.8320272522215
-16.0,13.899999618530272,-177.1188734084006
-16.0,13.800000190734863,-181.44997822214836
-16.0,13.699999809265137,-202.0738647081319
-16.0,13.600000381469728,-193.992330929364
-16.0,13.5,
-16.0,13.399999618530272,
-16.0,13.300000190734863,
-16.0,13.199999809265137,
-16.0,13.100000381469728,-186.0737691452398
-16.0,13.0,-190.29637463230077
-16.0,12.899999618530272,-200.92404696783217
-16.0,12.800000190734863,-218.01719420513484
-16.0,12.699999809265137,-224.92757177666124
-16.0,12.600000381469728,-210.75354243132995
-16.0,12.5,-212.26971519361825
-16.0,12.399999618530272,
-15.899999618530272,16.600000381469727,
-15.899999618530272,16.5,-76.94625590139879
-15.899999618530272,16.399999618530273,-78.39880619918289
-15.899999618530272,16.299999237060547,-78.35465918857673
-15.899999618530272,16.200000762939453,-74.2316360239698
-15.899999618530272,16.100000381469727,-73.96656357788352
-15.899999618530272,16.0,-74.9515501886588
-15.899999618530272,15.899999618530272,-74.64687792596192
-15.899999618530272,15.800000190734863,-72.16549976210662
-15.899999618530272,15.699999809265137,-80.09965018501975
-15.899999618530272,15.600000381469728,-79.90097334088333
-15.899999618530272,15.5,-82.75214349468294
-15.899999618530272,15.399999618530272,-84.1334963023871
-15.899999618530272,15.300000190734863,-70.92859623785333
-15.899999618530272,15.199999809265137,-73.10648575262121
-15.899999618530272,15.100000381469728,-80.912986858762
-15.899999618530272,15.0,-86.68337194261338
-15.899999618530272,14.899999618530272,-89.38230222411951
-15.899999618530272,14.800000190734863,-91.50137771161953
-15.899999618530272,14.699999809265137,-95.25239310436284
-15.899999618530272,14.600000381469728,-103.56677730137687
-15.899999618530272,14.5,-110.60863909723992
-15.899999618530272,14.399999618530272,-119.79480930611186
-15.899999618530272,14.300000190734863,-122.68038909904658
-15.899999618530272,14.199999809265137,-134.04959105625147
-15.899999618530272,14.100000381469728,-151.02756880741856
-15.899999618530272,14.0,-163.7937529417232
-15.899999618530272,13.899999618530272,-174.9777440200674
-15.899999618530272,13.800000190734863,-179.57933109893008
-15.899999618530272,13.699999809265137,-191.9432183636942
-15.899999618530272,13.600000381469728,-181.72045843390293
-15.899999618530272,13.5,
-15.899999618530272,13.399999618530272,
-15.899999618530272,13.300000190734863,
-15.899999618530272,13.199999809265137,
-15.899999618530272,13.100000381469728,-190.35449882041317
-15.899999618530272,13.0,-194.082372706692
-15.899999618530272,12.899999618530272,-203.42867689048532
-15.899999618530272,12.800000190734863,-209.4535173736283
-15.899999618530272,12.699999809265137,-215.2769310678841
-15.899999618530272,12.600000381469728,-208.24518759893385
-15.899999618530272,12.5,-208.5042403780457
-15.899999618530272,12.399999618530272,
-15.800000190734863,16.600000381469727,
-15.800000190734863,16.5,-75.11846080243288
-15.800000190734863,16.399999618530273,-77.5086064168188
-15.800000190734863,16.299999237060547,-76.408331111166
-15.800000190734863,16.200000762939453,-73.66776596423625
-15.800000190734863,16.100000381469727,-72.8383163011352
-15.800000190734863,16.0,-73.80109671973858
-15.800000190734863,15.899999618530272,-73.26575240019845
-15.800000190734863,15.800000190734863,-73.31725492705364
-15.800000190734863,15.699999809265137,-73.05915240458668
-15.800000190734863,15.600000381469728,-74.77820748315807
-15.800000190734863,15.5,-74.1778930935987
-15.800000190734863,15.399999618530272,-72.54775104079468
-15.800000190734863,15.300000190734863,-67.46396752280063
-15.800000190734863,15.199999809265137,-67.32096920811034
-15.800000190734863,15.100000381469728,-73.64252332315274
-15.800000190734863,15.0,-78.77103683419222
-15.800000190734863,14.899999618530272,-82.2289563070758
-15.800000190734863,14.800000190734863,-81.37150169576455
-15.800000190734863,14.699999809265137,-88.24640088715893
-15.800000190734863,14.600000381469728,-99.82439713239933
-15.800000190734863,14.5,-111.2188504669515
-15.800000190734863,14.399999618530272,-116.7641504400964
-15.800000190734863,14.300000190734863,-120.34980805702372
-15.800000190734863,14.199999809265137,-128.062956247984
-15.800000190734863,14.100000381469728,-145.45595342716712
-15.800000190734863,14.0,-160.90484574724013
-15.800000190734863,13.899999618530272,-172.04603421706025
-15.800000190734863,13.800000190734863,-174.184636630593
-15.800000190734863,13.699999809265137,-174.31497435464345
-15.800000190734863,13.600000381469728,-175.19203221196938
-15.800000190734863,13.5,
-15.800000190734863,13.399999618530272,
-15.800000190734863,13.300000190734863,-188.11645241284648
-15.800000190734863,13.199999809265137,-198.3424904401777
-15.800000190734863,13.100000381469728,-190.4960139806784
-15.800000190734863,13.0,-191.14005472991064
-15.800000190734863,12.899999618530272,-198.08630766505337
-15.800000190734863,12.800000190734863,-205.17951460891084
-15.800000190734863,12.699999809265137,-202.4227252333335
-15.800000190734863,12.600000381469728,-200.0049287117317
-15.800000190734863,12.5,-204.51196111442107
-15.800000190734863,12.399999618530272,
-15.699999809265137,16.600000381469727,
-15.699999809265137,16.5,
-15.699999809265137,16.399999618530273,-75.075961611389
-15.699999809265137,16.299999237060547,-74.9375756322095
-15.699999809265137,16.200000762939453,-72.02100548833161
-15.699999809265137,16.100000381469727,-70.94274971309437
-15.699999809265137,16.0,-71.3541052707288
-15.699999809265137,15.899999618530272,-71.61728341277323
-15.699999809265137,15.800000190734863,-71.6764934787569
-15.699999809265137,15.699999809265137,-75.00105132246102
-15.699999809265137,15.600000381469728,-74.9140569874535
-15.699999809265137,15.5,-72.38927746570144
-15.699999809265137,15.399999618530272,-68.65137953405898
-15.699999809265137,15.300000190734863,-65.60153297521916
-15.699999809265137,15.199999809265137,-62.5426517357362
-15.699999809265137,15.100000381469728,-65.88222757700561
-15.699999809265137,15.0,-74.72936848474782
-15.699999809265137,14.899999618530272,-78.18720166435409
-15.699999809265137,14.800000190734863,-80.24028008701731
-15.699999809265137,14.699999809265137,-86.72846899526365
-15.699999809265137,14.600000381469728,-100.96199276034088
-15.699999809265137,14.5,-111.25989896204004
-15.699999809265137,14.399999618530272,-115.1273962612089
-15.699999809265137,14.300000190734863,-120.2336064775755
-15.699999809265137,14.199999809265137,-126.4941670092553
-15.699999809265137,14.100000381469728,-144.90498591642222
-15.699999809265137,14.0,-158.2455574109207
-15.699999809265137,13.899999618530272,-166.17960643418797
-15.699999809265137,13.800000190734863,-169.26961614048162
-15.699999809265137,13.699999809265137,-171.57328694228823
-15.699999809265137,13.600000381469728,-171.6690871246526
-15.699999809265137,13.5,
-15.699999809265137,13.399999618530272,
-15.699999809265137,13.300000190734863,-193.87392269953568
-15.699999809265137,13.199999809265137,-201.6299510276623
-15.699999809265137,13.100000381469728,-192.9357110089152
-15.699999809265137,13.0,-191.598984090826
-15.699999809265137,12.899999618530272,-190.67723881127552
-15.699999809265137,12.800000190734863,-197.62686266804883
-15.699999809265137,12.699999809265137,-194.6509311884793
-15.699999809265137,12.600000381469728,-189.3981023901017
-15.699999809265137,12.5,-198.878898038123
-15.699999809265137,12.399999618530272,
-15.600000381469728,16.600000381469727,
-15.600000381469728,16.5,-72.0686545777205
-15.600000381469728,16.399999618530273,-72.93819399671331
-15.600000381469728,16.299999237060547,-72.95299267728785
-15.600000381469728,16.200000762939453,-69.8279432212009
-15.600000381469728,16.100000381469727,-68.48213939326077
-15.600000381469728,16.0,-66.25690234684875
-15.600000381469728,15.899999618530272,-70.21527039473015
-15.600000381469728,15.800000190734863,-69.8993239965958
-15.600000381469728,15.699999809265137,-70.8681332090336
-15.600000381469728,15.600000381469728,-73.17928432227117
-15.600000381469728,15.5,-67.31897487947643
-15.600000381469728,15.399999618530272,-63.17979941662077
-15.600000381469728,15.300000190734863,-61.09699112013456
-15.600000381469728,15.199999809265137,-59.107786122914376
-15.600000381469728,15.100000381469728,-62.9387901641436
-15.600000381469728,15.0,-71.69953118501203
-15.600000381469728,14.899999618530272,-77.9703259917024
-15.600000381469728,14.800000190734863,-81.09056372585869
-15.600000381469728,14.699999809265137,-89.48810418275485
-15.600000381469728,14.600000381469728,-97.40160545193504
-15.600000381469728,14.5,-106.2739602690649
-15.600000381469728,14.399999618530272,-112.28394016343344
-15.600000381469728,14.300000190734863,-116.46441284976096
-15.600000381469728,14.199999809265137,-125.92051521359116
-15.600000381469728,14.100000381469728,-144.81533452281667
-15.600000381469728,14.0,-154.12062960079857
-15.600000381469728,13.899999618530272,-161.1684718264744
-15.600000381469728,13.800000190734863,-163.69263220122747
-15.600000381469728,13.699999809265137,-171.99772417872805
-15.600000381469728,13.600000381469728,-173.92529556408107
-15.600000381469728,13.5,
-15.600000381469728,13.399999618530272,
-15.600000381469728,13.300000190734863,-196.76046321723263
-15.600000381469728,13.199999809265137,-203.60933798998667
-15.600000381469728,13.100000381469728,-198.91456455519983
-15.600000381469728,13.0,-191.4975125853117
-15.600000381469728,12.899999618530272,-186.1392721208068
-15.600000381469728,12.800000190734863,-185.71082694256245
-15.600000381469728,12.699999809265137,-184.4168732541368
-15.600000381469728,12.600000381469728,-186.66293741235395
-15.600000381469728,12.5,-187.8161853901888
-15.600000381469728,12.399999618530272,
-15.5,16.600000381469727,
-15.5,16.5,-71.15397898485436
-15.5,16.399999618530273,-71.65590982994432
-15.5,16.299999237060547,-71.71415554990972
-15.5,16.200000762939453,-68.21937916183101
-15.5,16.100000381469727,-65.14152518700205
-15.5,16.0,-65.27221951512519
-15.5,15.899999618530272,-67.18386972077242
-15.5,15.800000190734863,-66.9169616115806
-15.5,15.699999809265137,-69.33287188159693
-15.5,15.600000381469728,-70.41086225665578
-15.5,15.5,-65.28944760656975
-15.5,15.399999618530272,-59.4350657131348
-15.5,15.300000190734863,-58.85666945965207
-15.5,15.199999809265137,-57.83138159537461
-15.5,15.100000381469728,-61.27400778535491
-15.5,15.0,-67.9934091731968
-15.5,14.899999618530272,-73.63089182378957
-15.5,14.800000190734863,-77.06467925985982
-15.5,14.699999809265137,-85.92758798101397
-15.5,14.600000381469728,-98.52393144808173
-15.5,14.5,-105.176855317351
-15.5,14.399999618530272,-109.3315085455966
-15.5,14.300000190734863,-116.14465335013443
-15.5,14.199999809265137,-126.32803520172035
-15.5,14.100000381469728,-141.8839340564918
-15.5,14.0,-147.51371294433858
-15.5,13.899999618530272,-151.18662724935143
-15.5,13.800000190734863,-161.36439158029668
-15.5,13.699999809265137,-168.76614256642472
-15.5,13.600000381469728,-176.2816735327611
-15.5,13.5,
-15.5,13.399999618530272,
-15.5,13.300000190734863,-198.4890681826353
-15.5,13.199999809265137,-206.84785454600865
-15.5,13.100000381469728,-199.1333465148572
-15.5,13.0,-192.25504047877632
-15.5,12.899999618530272,-181.7398474292797
-15.5,12.800000190734863,-172.65478489896043
-15.5,12.699999809265137,-170.94510075048345
-15.5,12.600000381469728,-174.3068625178089
-15.5,12.5,
-15.5,12.399999618530272,
-15.399999618530272,16.600000381469727,
-15.399999618530272,16.5,-69.1855196751275
-15.399999618530272,16.399999618530273,-69.93685540330452
-15.399999618530272,16.299999237060547,-68.08931783368593
-15.399999618530272,16.200000762939453,-63.03146562308247
-15.399999618530272,16.100000381469727,-60.37805421337862
-15.399999618530272,16.0,-67.20253508301931
-15.399999618530272,15.899999618530272,-65.78912443198686
-15.399999618530272,15.800000190734863,-62.94798724505873
-15.399999618530272,15.699999809265137,-66.70574747304218
-15.399999618530272,15.600000381469728,-64.8339703041942
-15.399999618530272,15.5,-60.79655245020919
-15.399999618530272,15.399999618530272,-54.691433584630005
-15.399999618530272,15.300000190734863,-53.841230446103935
-15.399999618530272,15.199999809265137,-53.59748389539868
-15.399999618530272,15.100000381469728,-59.24293676205031
-15.399999618530272,15.0,-64.73185230753177
-15.399999618530272,14.899999618530272,-71.2819757906939
-15.399999618530272,14.800000190734863,-74.87496237864849
-15.399999618530272,14.699999809265137,-86.90921433779005
-15.399999618530272,14.600000381469728,-96.39677802019514
-15.399999618530272,14.5,-103.99621021160311
-15.399999618530272,14.399999618530272,-105.20039422246144
-15.399999618530272,14.300000190734863,-114.0822986930242
-15.399999618530272,14.199999809265137,-124.53183477696648
-15.399999618530272,14.100000381469728,-138.61690595277878
-15.399999618530272,14.0,-141.96813453225735
-15.399999618530272,13.899999618530272,-143.35504838385322
-15.399999618530272,13.800000190734863,-162.3252869390986
-15.399999618530272,13.699999809265137,
-15.399999618530272,13.600000381469728,
-15.399999618530272,13.5,
-15.399999618530272,13.399999618530272,
-15.399999618530272,13.300000190734863,-199.50699435161744
-15.399999618530272,13.199999809265137,-208.5815891166345
-15.399999618530272,13.100000381469728,-196.7188506483227
-15.399999618530272,13.0,-188.30233393185412
-15.399999618530272,12.899999618530272,-180.34063215416643
-15.399999618530272,12.800000190734863,-174.95606912301173
-15.399999618530272,12.699999809265137,-166.83721334745803
-15.399999618530272,12.600000381469728,-170.1310453556464
-15.399999618530272,12.5,
-15.399999618530272,12.399999618530272,
-15.300000190734863,16.600000381469727,
-15.300000190734863,16.5,-64.5586131066697
-15.300000190734863,16.399999618530273,-64.29952707557649
-15.300000190734863,16.299999237060547,-61.53866109216152
-15.300000190734863,16.200000762939453,-58.84215944060077
-15.300000190734863,16.100000381469727,-55.31726871129392
-15.300000190734863,16.0,-57.61193393370887
-15.300000190734863,15.899999618530272,-59.425406127653616
-15.300000190734863,15.800000190734863,-61.30302087190316
-15.300000190734863,15.699999809265137,-62.79225871192003
-15.300000190734863,15.600000381469728,-62.93565166377277
-15.300000190734863,15.5,-59.92834696797959
-15.300000190734863,15.399999618530272,-54.9443636146527
-15.300000190734863,15.300000190734863,-54.56493606489519
-15.300000190734863,15.199999809265137,-51.59105367040806
-15.300000190734863,15.100000381469728,-53.84280201823745
-15.300000190734863,15.0,-59.79528491728243
-15.300000190734863,14.899999618530272,-65.22772261958764
-15.300000190734863,14.800000190734863,-67.51412438571435
-15.300000190734863,14.699999809265137,-76.88749982641798
-15.300000190734863,14.600000381469728,-88.54683791127121
-15.300000190734863,14.5,-96.74251707835452
-15.300000190734863,14.399999618530272,-99.51693219947975
-15.300000190734863,14.300000190734863,-107.82967931755589
-15.300000190734863,14.199999809265137,-116.621121523574
-15.300000190734863,14.100000381469728,-131.16686488965553
-15.300000190734863,14.0,-137.3749747407635
-15.300000190734863,13.899999618530272,-141.92240989929127
-15.300000190734863,13.800000190734863,-155.4030382129647
-15.300000190734863,13.699999809265137,
-15.300000190734863,13.600000381469728,
-15.300000190734863,13.5,
-15.300000190734863,13.399999618530272,
-15.300000190734863,13.300000190734863,-196.24456268436225
-15.300000190734863,13.199999809265137,-206.9981284213011
-15.300000190734863,13.100000381469728,-193.3719423728603
-15.300000190734863,13.0,-182.73780423547407
-15.300000190734863,12.899999618530272,-182.01690209462697
-15.300000190734863,12.800000190734863,-176.1326258044362
-15.300000190734863,12.699999809265137,-169.98040426844034
-15.300000190734863,12.600000381469728,
-15.300000190734863,12.5,
-15.300000190734863,12.399999618530272,
-15.199999809265137,16.600000381469727,
-15.199999809265137,16.5,-60.071142532379326
-15.199999809265137,16.399999618530273,-61.69588115903407
-15.199999809265137,16.299999237060547,-59.13523390007005
-15.199999809265137,16.200000762939453,-57.17262722904708
-15.199999809265137,16.100000381469727,-54.23626513315372
-15.199999809265137,16.0,-54.327741643405886
-15.199999809265137,15.899999618530272,-57.99729360312108
-15.199999809265137,15.800000190734863,-59.59384583740257
-15.199999809265137,15.699999809265137,-61.75743364002077
-15.199999809265137,15.600000381469728,-60.817128813322654
-15.199999809265137,15.5,-58.433342954581775
-15.199999809265137,15.399999618530272,-56.541287814173245
-15.199999809265137,15.300000190734863,-52.9762610753418
-15.199999809265137,15.199999809265137,-52.05211369906695
-15.199999809265137,15.100000381469728,-52.55067878818576
-15.199999809265137,15.0,-56.58134337974255
-15.199999809265137,14.899999618530272,-57.44195148922631
-15.199999809265137,14.800000190734863,-60.75952334733114
-15.199999809265137,14.699999809265137,-70.19674959360646
-15.199999809265137,14.600000381469728,-80.6496658351744
-15.199999809265137,14.5,-88.86555013541744
-15.199999809265137,14.399999618530272,-92.01093279432496
-15.199999809265137,14.300000190734863,-100.98530593939232
-15.199999809265137,14.199999809265137,-109.66205384747462
-15.199999809265137,14.100000381469728,-122.69812408321366
-15.199999809265137,14.0,-130.2269833997749
-15.199999809265137,13.899999618530272,-134.13745699658148
-15.199999809265137,13.800000190734863,-150.42158188256144
-15.199999809265137,13.699999809265137,
-15.199999809265137,13.600000381469728,
-15.199999809265137,13.5,-169.68708389754636
-15.199999809265137,13.399999618530272,-179.38561315345214
-15.199999809265137,13.300000190734863,-192.95521880175613
-15.199999809265137,13.199999809265137,-203.98926965571707
-15.199999809265137,13.100000381469728,-185.35243143329055
-15.199999809265137,13.0,-176.72790295729192
-15.199999809265137,12.899999618530272,-174.69583721692084
-15.199999809265137,12.800000190734863,-173.07789073316917
-15.199999809265137,12.699999809265137,-166.0976184878631
-15.199999809265137,12.600000381469728,
-15.199999809265137,12.5,
-15.199999809265137,12.399999618530272,
-15.100000381469728,16.600000381469727,
-15.100000381469728,16.5,-57.21535974960614
-15.100000381469728,16.399999618530273,-58.62834712473483
-15.100000381469728,16.299999237060547,-56.08272647965801
-15.100000381469728,16.200000762939453,-56.043886139145286
-15.100000381469728,16.100000381469727,-52.19600025290124
-15.100000381469728,16.0,-52.26841693809503
-15.100000381469728,15.899999618530272,-54.62966366048232
-15.100000381469728,15.800000190734863,-56.77563344348712
-15.100000381469728,15.699999809265137,-59.536840442678255
-15.100000381469728,15.600000381469728,-58.63327838941834
-15.100000381469728,15.5,-56.079042966499685
-15.100000381469728,15.399999618530272,-49.66222426637728
-15.100000381469728,15.300000190734863,-51.91953428834992
-15.100000381469728,15.199999809265137,-52.03061161081911
-15.100000381469728,15.100000381469728,-53.06245262336603
-15.100000381469728,15.0,-56.63743400499956
-15.100000381469728,14.899999618530272,-57.0166693958339
-15.100000381469728,14.800000190734863,-59.15663874869699
-15.100000381469728,14.699999809265137,-65.37324445855234
-15.100000381469728,14.600000381469728,-82.13123678519582
-15.100000381469728,14.5,-87.69869720882679
-15.100000381469728,14.399999618530272,-91.08369101551682
-15.100000381469728,14.300000190734863,-95.73275126215168
-15.100000381469728,14.199999809265137,-102.28693051910346
-15.100000381469728,14.100000381469728,-115.54052876112156
-15.100000381469728,14.0,-122.85826630724016
-15.100000381469728,13.899999618530272,-131.3710233473493
-15.100000381469728,13.800000190734863,
-15.100000381469728,13.699999809265137,
-15.100000381469728,13.600000381469728,
-15.100000381469728,13.5,-162.81204020720236
-15.100000381469728,13.399999618530272,-176.15450096838583
-15.100000381469728,13.300000190734863,-185.31082495745
-15.100000381469728,13.199999809265137,-196.35576314725404
-15.100000381469728,13.100000381469728,-180.90654996282888
-15.100000381469728,13.0,-172.9475676418051
-15.100000381469728,12.899999618530272,-169.15963192876302
-15.100000381469728,12.800000190734863,-174.4602065699147
-15.100000381469728,12.699999809265137,-164.63077004571437
-15.100000381469728,12.600000381469728,
-15.100000381469728,12.5,
-15.100000381469728,12.399999618530272,
-15.0,16.600000381469727,-53.35425367445528
-15.0,16.5,-54.8270566913736
-15.0,16.399999618530273,-56.45528830605176
-15.0,16.299999237060547,-55.62123976487416
-15.0,16.200000762939453,-54.92299394784453
-15.0,16.100000381469727,-49.93366079131663
-15.0,16.0,-49.15924645656709
-15.0,15.899999618530272,-52.73271118877349
-15.0,15.800000190734863,-55.57751801417882
-15.0,15.699999809265137,-56.18059808173433
-15.0,15.600000381469728,-55.71583446085424
-15.0,15.5,-50.75027924653386
-15.0,15.399999618530272,-46.022272947853565
-15.0,15.300000190734863,-51.069898069427154
-15.0,15.199999809265137,-55.59014298673404
-15.0,15.100000381469728,-58.440696416709926
-15.0,15.0,-60.81467348148635
-15.0,14.899999618530272,-62.512718302355154
-15.0,14.800000190734863,-60.52221613197952
-15.0,14.699999809265137,-62.16478907005177
-15.0,14.600000381469728,-79.76235629582408
-15.0,14.5,-88.04666357698733
-15.0,14.399999618530272,-90.30697823932776
-15.0,14.300000190734863,-91.38678955941162
-15.0,14.199999809265137,-98.39575347507258
-15.0,14.100000381469728,-110.57287193229956
-15.0,14.0,-117.91542762949764
-15.0,13.899999618530272,-125.7427209231725
-15.0,13.800000190734863,
-15.0,13.699999809265137,
-15.0,13.600000381469728,
-15.0,13.5,
-15.0,13.399999618530272,-167.5203221359451
-15.0,13.300000190734863,-175.93639187361487
-15.0,13.199999809265137,-191.79278518146785
-15.0,13.100000381469728,-178.5958218613373
-15.0,13.0,-168.10725845630236
-15.0,12.899999618530272,-166.18509039223704
-15.0,12.800000190734863,-170.77727419312248
-15.0,12.699999809265137,-163.26703558523366
-15.0,12.600000381469728,
-15.0,12.5,
-15.0,12.399999618530272,
-14.899999618530272,16.600000381469727,-51.656780209558704
-14.899999618530272,16.5,-53.048798667252086
-14.899999618530272,16.399999618530273,-55.85395608089917
-14.899999618530272,16.299999237060547,-56.1144733993232
-14.899999618530272,16.200000762939453,-55.51061571719258
-14.899999618530272,16.100000381469727,-49.46539283845236
-14.899999618530272,16.0,-48.48565079739808
-14.899999618530272,15.899999618530272,-52.58248855446598
-14.899999618530272,15.800000190734863,-54.97777636369227
-14.899999618530272,15.699999809265137,-56.33245713748568
-14.899999618530272,15.600000381469728,-54.51771787382592
-14.899999618530272,15.5,-50.67083230998378
-14.899999618530272,15.399999618530272,-47.05810312118743
-14.899999618530272,15.300000190734863,-52.819394187142365
-14.899999618530272,15.199999809265137,-57.8741324288882
-14.899999618530272,15.100000381469728,-61.42936690570659
-14.899999618530272,15.0,-64.5452989690861
-14.899999618530272,14.899999618530272,-65.10187276177192
-14.899999618530272,14.800000190734863,-63.40528181162671
-14.899999618530272,14.699999809265137,-65.58072492467005
-14.899999618530272,14.600000381469728,-73.73458295397148
-14.899999618530272,14.5,-83.83874180196898
-14.899999618530272,14.399999618530272,-84.31377118779301
-14.899999618530272,14.300000190734863,-85.31178670891404
-14.899999618530272,14.199999809265137,-89.81641233238429
-14.899999618530272,14.100000381469728,-101.36750153757112
-14.899999618530272,14.0,-107.28304474836484
-14.899999618530272,13.899999618530272,-113.64070840352385
-14.899999618530272,13.800000190734863,-127.30641856894545
-14.899999618530272,13.699999809265137,
-14.899999618530272,13.600000381469728,
-14.899999618530272,13.5,
-14.899999618530272,13.399999618530272,-153.88526237284498
-14.899999618530272,13.300000190734863,-166.19732156790997
-14.899999618530272,13.199999809265137,-185.23658188991223
-14.899999618530272,13.100000381469728,-170.3623930940215
-14.899999618530272,13.0,-160.5142504005687
-14.899999618530272,12.899999618530272,-160.4349503421215
-14.899999618530272,12.800000190734863,-163.57484898147595
-14.899999618530272,12.699999809265137,-158.60535762043764
-14.899999618530272,12.600000381469728,
-14.899999618530272,12.5,
-14.899999618530272,12.399999618530272,
-14.800000190734863,16.600000381469727,-49.73754543068706
-14.800000190734863,16.5,-51.2307485910716
-14.800000190734863,16.399999618530273,-53.88998743231201
-14.800000190734863,16.299999237060547,-53.008124953911846
-14.800000190734863,16.200000762939453,-52.33337408251768
-14.800000190734863,16.100000381469727,-48.30278848488223
-14.800000190734863,16.0,-50.69825295620814
-14.800000190734863,15.899999618530272,-52.661488695353455
-14.800000190734863,15.800000190734863,-54.8162402705982
-14.800000190734863,15.699999809265137,-56.14604847398533
-14.800000190734863,15.600000381469728,-56.51400355293217
-14.800000190734863,15.5,-52.89886716430303
-14.800000190734863,15.399999618530272,-48.44696690675627
-14.800000190734863,15.300000190734863,-52.177448441649375
-14.800000190734863,15.199999809265137,-57.09695722150042
-14.800000190734863,15.100000381469728,-54.80519331530968
-14.800000190734863,15.0,-58.4058891436998
-14.800000190734863,14.899999618530272,-62.97902395811576
-14.800000190734863,14.800000190734863,-67.8804663878949
-14.800000190734863,14.699999809265137,-72.04034242111368
-14.800000190734863,14.600000381469728,-75.49565373232014
-14.800000190734863,14.5,-77.07092662017624
-14.800000190734863,14.399999618530272,-75.47753831162356
-14.800000190734863,14.300000190734863,-80.26337854296776
-14.800000190734863,14.199999809265137,-81.39085702273644
-14.800000190734863,14.100000381469728,-92.614966627895
-14.800000190734863,14.0,-100.23813847186818
-14.800000190734863,13.899999618530272,-110.60499965174904
-14.800000190734863,13.800000190734863,-124.51099201145377
-14.800000190734863,13.699999809265137,
-14.800000190734863,13.600000381469728,
-14.800000190734863,13.5,
-14.800000190734863,13.399999618530272,-151.4280721204724
-14.800000190734863,13.300000190734863,-160.0690726798125
-14.800000190734863,13.199999809265137,-180.3072714029801
-14.800000190734863,13.100000381469728,-167.6180032715232
-14.800000190734863,13.0,-156.115398889473
-14.800000190734863,12.899999618530272,-154.04920090026508
-14.800000190734863,12.800000190734863,-157.3998039837228
-14.800000190734863,12.699999809265137,-150.17097870728583
-14.800000190734863,12.600000381469728,
-14.800000190734863,12.5,
-14.800000190734863,12.399999618530272,
-14.699999809265137,16.600000381469727,-47.36356165953737
-14.699999809265137,16.5,-50.05333022188295
-14.699999809265137,16.399999618530273,-51.09661224140496
-14.699999809265137,16.299999237060547,-51.98530082970044
-14.699999809265137,16.200000762939453,-48.14312095352476
-14.699999809265137,16.100000381469727,-48.41491271041204
-14.699999809265137,16.0,-50.47839382766965
-14.699999809265137,15.899999618530272,-53.61020173645022
-14.699999809265137,15.800000190734863,-55.63126088500448
-14.699999809265137,15.699999809265137,-56.66949200741411
-14.699999809265137,15.600000381469728,-55.62255023127062
-14.699999809265137,15.5,-55.32228040031501
-14.699999809265137,15.399999618530272,-50.958215417304274
-14.699999809265137,15.300000190734863,-55.2540009346975
-14.699999809265137,15.199999809265137,-47.17701373750293
-14.699999809265137,15.100000381469728,-50.86059667438533
-14.699999809265137,15.0,-53.83588956435375
-14.699999809265137,14.899999618530272,-58.15721466961372
-14.699999809265137,14.800000190734863,-69.64890397732921
-14.699999809265137,14.699999809265137,-73.55196351596078
-14.699999809265137,14.600000381469728,-78.08250038939633
-14.699999809265137,14.5,-77.08223881506058
-14.699999809265137,14.399999618530272,-76.91664002008082
-14.699999809265137,14.300000190734863,-73.79138362922168
-14.699999809265137,14.199999809265137,-77.1480765295886
-14.699999809265137,14.100000381469728,-89.50030559244232
-14.699999809265137,14.0,-95.59070427674703
-14.699999809265137,13.899999618530272,-107.47908378413932
-14.699999809265137,13.800000190734863,-121.17789090205798
-14.699999809265137,13.699999809265137,-132.75399101708007
-14.699999809265137,13.600000381469728,
-14.699999809265137,13.5,
-14.699999809265137,13.399999618530272,
-14.699999809265137,13.300000190734863,-158.134819534837
-14.699999809265137,13.199999809265137,-173.26884258705206
-14.699999809265137,13.100000381469728,-161.57263599980786
-14.699999809265137,13.0,-154.12139155715386
-14.699999809265137,12.899999618530272,-152.80965082235412
-14.699999809265137,12.800000190734863,-151.18974864209963
-14.699999809265137,12.699999809265137,-143.00997014730672
-14.699999809265137,12.600000381469728,
-14.699999809265137,12.5,
-14.699999809265137,12.399999618530272,
-14.600000381469728,16.600000381469727,-44.46473001650664
-14.600000381469728,16.5,-47.18010720862607
-14.600000381469728,16.399999618530273,-47.96140562859354
-14.600000381469728,16.299999237060547,-47.35641874072687
-14.600000381469728,16.200000762939453,-46.88588847425473
-14.600000381469728,16.100000381469727,-48.93610367186308
-14.600000381469728,16.0,-50.20850046771429
-14.600000381469728,15.899999618530272,-53.03026112637454
-14.600000381469728,15.800000190734863,-55.00033649577503
-14.600000381469728,15.699999809265137,-56.00369657815156
-14.600000381469728,15.600000381469728,-56.61815389916973
-14.600000381469728,15.5,-55.56821115790808
-14.600000381469728,15.399999618530272,-51.84025743318605
-14.600000381469728,15.300000190734863,-53.81107672418551
-14.600000381469728,15.199999809265137,-48.56985025603666
-14.600000381469728,15.100000381469728,-52.59034230102273
-14.600000381469728,15.0,-54.14710844270323
-14.600000381469728,14.899999618530272,-59.22694181020387
-14.600000381469728,14.800000190734863,-69.09403380662218
-14.600000381469728,14.699999809265137,-74.5244247128598
-14.600000381469728,14.600000381469728,-75.4666484572445
-14.600000381469728,14.5,-77.91875556053094
-14.600000381469728,14.399999618530272,-78.95093953039901
-14.600000381469728,14.300000190734863,-78.66559383714434
-14.600000381469728,14.199999809265137,-77.33765045432096
-14.600000381469728,14.100000381469728,-86.20056867201589
-14.600000381469728,14.0,-93.53805493919047
-14.600000381469728,13.899999618530272,-101.32358990912184
-14.600000381469728,13.800000190734863,-113.98689374839812
-14.600000381469728,13.699999809265137,-130.3095087160886
-14.600000381469728,13.600000381469728,
-14.600000381469728,13.5,
-14.600000381469728,13.399999618530272,
-14.600000381469728,13.300000190734863,-150.31696974322222
-14.600000381469728,13.199999809265137,-167.0810812411927
-14.600000381469728,13.100000381469728,-159.63006900703328
-14.600000381469728,13.0,-151.34047022011498
-14.600000381469728,12.899999618530272,-148.48058368953366
-14.600000381469728,12.800000190734863,-143.50577474669456
-14.600000381469728,12.699999809265137,-137.28679806593846
-14.600000381469728,12.600000381469728,
-14.600000381469728,12.5,
-14.600000381469728,12.399999618530272,
-14.5,16.600000381469727,-42.61572958336525
-14.5,16.5,-44.518382120199306
-14.5,16.399999618530273,-45.759699439384406
-14.5,16.299999237060547,-43.38505074124157
-14.5,16.200000762939453,-43.684847498692434
-14.5,16.100000381469727,-47.01386533280946
-14.5,16.0,-48.22161574023343
-14.5,15.899999618530272,-50.84239172625402
-14.5,15.800000190734863,-51.72428198202357
-14.5,15.699999809265137,-53.65315661461108
-14.5,15.600000381469728,-54.251929171531
-14.5,15.5,-54.71195007521888
-14.5,15.399999618530272,-54.64414143056951
-14.5,15.300000190734863,-58.85584315447261
-14.5,15.199999809265137,-50.575530164972434
-14.5,15.100000381469728,-52.57761437404639
-14.5,15.0,-54.96656128056642
-14.5,14.899999618530272,-59.43826612895941
-14.5,14.800000190734863,-68.67996147302642
-14.5,14.699999809265137,-72.56161846833999
-14.5,14.600000381469728,-73.25413954825478
-14.5,14.5,-77.27982156431113
-14.5,14.399999618530272,-79.14210472972695
-14.5,14.300000190734863,-80.43306204564834
-14.5,14.199999809265137,-79.74732619663769
-14.5,14.100000381469728,-81.97437256703569
-14.5,14.0,-94.29913175505442
-14.5,13.899999618530272,-98.28410869649622
-14.5,13.800000190734863,-110.8953188603944
-14.5,13.699999809265137,-125.61146820748844
-14.5,13.600000381469728,
-14.5,13.5,
-14.5,13.399999618530272,
-14.5,13.300000190734863,-149.75519286755798
-14.5,13.199999809265137,-169.63940923874577
-14.5,13.100000381469728,-163.89928361090233
-14.5,13.0,-153.5990081532118
-14.5,12.899999618530272,-150.37820038855466
-14.5,12.800000190734863,-144.7126486923854
-14.5,12.699999809265137,-134.96670602486756
-14.5,12.600000381469728,
-14.5,12.5,
-14.5,12.399999618530272,
-14.399999618530272,16.600000381469727,-43.56729468132349
-14.399999618530272,16.5,-44.85593667100993
-14.399999618530272,16.399999618530273,-45.91734407615836
-14.399999618530272,16.299999237060547,-42.77816351853505
-14.399999618530272,16.200000762939453,-47.60879766194478
-14.399999618530272,16.100000381469727,-45.2982359734997
-14.399999618530272,16.0,-46.99776296350278
-14.399999618530272,15.899999618530272,-48.74013799077878
-14.399999618530272,15.800000190734863,-49.71745488189308
-14.399999618530272,15.699999809265137,-51.91827468086981
-14.399999618530272,15.600000381469728,-53.33887738709748
-14.399999618530272,15.5,-56.71812644273953
-14.399999618530272,15.399999618530272,-58.10081981677988
-14.399999618530272,15.300000190734863,-63.17076612148588
-14.399999618530272,15.199999809265137,-58.52493170020222
-14.399999618530272,15.100000381469728,-56.20732368862196
-14.399999618530272,15.0,-56.87084921348992
-14.399999618530272,14.899999618530272,-65.19985891389862
-14.399999618530272,14.800000190734863,-71.56718550193943
-14.399999618530272,14.699999809265137,-73.45452152010103
-14.399999618530272,14.600000381469728,-75.12012793714308
-14.399999618530272,14.5,-76.62320210760146
-14.399999618530272,14.399999618530272,-80.59273232677691
-14.399999618530272,14.300000190734863,-78.21791131491949
-14.399999618530272,14.199999809265137,-74.05312215880014
-14.399999618530272,14.100000381469728,-78.67417654592538
-14.399999618530272,14.0,-86.16650696863218
-14.399999618530272,13.899999618530272,-92.72104680823033
-14.399999618530272,13.800000190734863,-103.69540966792016
-14.399999618530272,13.699999809265137,-118.1699239437022
-14.399999618530272,13.600000381469728,-123.55923778682484
-14.399999618530272,13.5,-123.36426839897592
-14.399999618530272,13.399999618530272,
-14.399999618530272,13.300000190734863,
-14.399999618530272,13.199999809265137,-170.50661490744687
-14.399999618530272,13.100000381469728,-162.4848182773618
-14.399999618530272,13.0,-158.69623124048792
-14.399999618530272,12.899999618530272,-151.90011162139945
-14.399999618530272,12.800000190734863,-145.69151652617177
-14.399999618530272,12.699999809265137,-135.45714769429617
-14.399999618530272,12.600000381469728,
-14.399999618530272,12.5,
-14.399999618530272,12.399999618530272,
-14.300000190734863,16.600000381469727,
-14.300000190734863,16.5,-44.497023696318166
-14.300000190734863,16.399999618530273,-44.04233087567543
-14.300000190734863,16.299999237060547,-44.37015426035546
-14.300000190734863,16.200000762939453,-47.81788336004439
-14.300000190734863,16.100000381469727,-44.754688871165726
-14.300000190734863,16.0,-44.62366485995058
-14.300000190734863,15.899999618530272,-45.53470597766904
-14.300000190734863,15.800000190734863,-48.02550022660415
-14.300000190734863,15.699999809265137,-50.455657604450494
-14.300000190734863,15.600000381469728,-53.02531537194466
-14.300000190734863,15.5,-57.86777853831632
-14.300000190734863,15.399999618530272,-58.5342590576507
-14.300000190734863,15.300000190734863,-62.990704824819744
-14.300000190734863,15.199999809265137,-64.26988593868126
-14.300000190734863,15.100000381469728,-62.006874725409006
-14.300000190734863,15.0,-63.97715638886851
-14.300000190734863,14.899999618530272,-64.89576837911568
-14.300000190734863,14.800000190734863,-71.33636995800623
-14.300000190734863,14.699999809265137,-73.93201188838458
-14.300000190734863,14.600000381469728,-73.57123884783266
-14.300000190734863,14.5,-75.32393325263092
-14.300000190734863,14.399999618530272,-77.74320740535092
-14.300000190734863,14.300000190734863,-76.98847171049783
-14.300000190734863,14.199999809265137,-73.86759834414306
-14.300000190734863,14.100000381469728,-79.70587391230958
-14.300000190734863,14.0,-85.17543399601277
-14.300000190734863,13.899999618530272,-89.32187246297889
-14.300000190734863,13.800000190734863,-96.3424623781205
-14.300000190734863,13.699999809265137,-108.74801584306738
-14.300000190734863,13.600000381469728,-119.61940243140174
-14.300000190734863,13.5,-123.43030315504774
-14.300000190734863,13.399999618530272,
-14.300000190734863,13.300000190734863,
-14.300000190734863,13.199999809265137,-163.81703436748296
-14.300000190734863,13.100000381469728,-164.89862197510263
-14.300000190734863,13.0,-157.0376710804328
-14.300000190734863,12.899999618530272,-151.26091015134716
-14.300000190734863,12.800000190734863,-147.37464973687588
-14.300000190734863,12.699999809265137,-137.58979289232786
-14.300000190734863,12.600000381469728,
-14.300000190734863,12.5,
-14.300000190734863,12.399999618530272,
-14.199999809265137,16.600000381469727,
-14.199999809265137,16.5,-42.96835780162468
-14.199999809265137,16.399999618530273,-44.00408955460574
-14.199999809265137,16.299999237060547,-46.6037506184332
-14.199999809265137,16.200000762939453,-47.19168923925331
-14.199999809265137,16.100000381469727,-46.56052935513581
-14.199999809265137,16.0,-44.41738850335568
-14.199999809265137,15.899999618530272,-43.29114939725855
-14.199999809265137,15.800000190734863,-45.09277012922337
-14.199999809265137,15.699999809265137,-48.82343458104293
-14.199999809265137,15.600000381469728,-55.4897892787385
-14.199999809265137,15.5,-58.47471262787048
-14.199999809265137,15.399999618530272,-60.396746070675874
-14.199999809265137,15.300000190734863,-63.22690117063283
-14.199999809265137,15.199999809265137,-63.29869536635079
-14.199999809265137,15.100000381469728,-63.27117041437063
-14.199999809265137,15.0,-65.57486956846449
-14.199999809265137,14.899999618530272,-66.328465368872
-14.199999809265137,14.800000190734863,-70.91680619898636
-14.199999809265137,14.699999809265137,-69.25776663761724
-14.199999809265137,14.600000381469728,-70.89347712901798
-14.199999809265137,14.5,-70.78274049360488
-14.199999809265137,14.399999618530272,-71.976441427841
-14.199999809265137,14.300000190734863,-72.44218454657465
-14.199999809265137,14.199999809265137,-74.28925384955528
-14.199999809265137,14.100000381469728,-78.87690831420366
-14.199999809265137,14.0,-85.75984907496263
-14.199999809265137,13.899999618530272,-86.03599513024028
-14.199999809265137,13.800000190734863,-94.81968527943712
-14.199999809265137,13.699999809265137,-107.85084351554411
-14.199999809265137,13.600000381469728,-116.36833720564306
-14.199999809265137,13.5,
-14.199999809265137,13.399999618530272,
-14.199999809265137,13.300000190734863,
-14.199999809265137,13.199999809265137,-161.2563817331876
-14.199999809265137,13.100000381469728,-159.66353017076244
-14.199999809265137,13.0,-157.17407056843535
-14.199999809265137,12.899999618530272,-150.7579338661776
-14.199999809265137,12.800000190734863,-144.83584205821353
-14.199999809265137,12.699999809265137,-138.7538849013879
-14.199999809265137,12.600000381469728,
-14.199999809265137,12.5,
-14.199999809265137,12.399999618530272,
-14.100000381469728,16.600000381469727,
-14.100000381469728,16.5,
-14.100000381469728,16.399999618530273,-46.53736428543316
-14.100000381469728,16.299999237060547,-48.16197997322428
-14.100000381469728,16.200000762939453,-48.15527369122246
-14.100000381469728,16.100000381469727,-46.87242278700107
-14.100000381469728,16.0,-48.77448864260073
-14.100000381469728,15.899999618530272,-50.82351263333442
-14.100000381469728,15.800000190734863,-45.78000287791147
-14.100000381469728,15.699999809265137,-48.35798055705072
-14.100000381469728,15.600000381469728,-53.91172276448711
-14.100000381469728,15.5,-59.29894430328889
-14.100000381469728,15.399999618530272,-62.45663425560923
-14.100000381469728,15.300000190734863,-61.0302660399079
-14.100000381469728,15.199999809265137,-61.07406004348206
-14.100000381469728,15.100000381469728,-63.916504476313406
-14.100000381469728,15.0,-63.938587944942896
-14.100000381469728,14.899999618530272,-68.65201906165575
-14.100000381469728,14.800000190734863,-70.91267898975349
-14.100000381469728,14.699999809265137,-69.06643159923976
-14.100000381469728,14.600000381469728,-69.10170605642537
-14.100000381469728,14.5,-69.00025171812666
-14.100000381469728,14.399999618530272,-68.65237457656042
-14.100000381469728,14.300000190734863,-67.52183955297704
-14.100000381469728,14.199999809265137,-68.25880293673447
-14.100000381469728,14.100000381469728,-80.95971834396346
-14.100000381469728,14.0,-85.3728662604737
-14.100000381469728,13.899999618530272,-84.03515707816803
-14.100000381469728,13.800000190734863,-94.54429929206702
-14.100000381469728,13.699999809265137,-108.38937555922212
-14.100000381469728,13.600000381469728,-113.80352997363752
-14.100000381469728,13.5,
-14.100000381469728,13.399999618530272,
-14.100000381469728,13.300000190734863,
-14.100000381469728,13.199999809265137,-156.03638161081187
-14.100000381469728,13.100000381469728,-153.49063612609666
-14.100000381469728,13.0,-148.74271218198146
-14.100000381469728,12.899999618530272,-148.0754384607667
-14.100000381469728,12.800000190734863,-142.51433744927624
-14.100000381469728,12.699999809265137,-137.08508713270646
-14.100000381469728,12.600000381469728,
-14.100000381469728,12.5,
-14.100000381469728,12.399999618530272,
-14.0,16.600000381469727,
-14.0,16.5,
-14.0,16.399999618530273,
-14.0,16.299999237060547,-49.13931740226532
-14.0,16.200000762939453,-49.17872086294659
-14.0,16.100000381469727,-50.39614104009122
-14.0,16.0,-52.244668006865226
-14.0,15.899999618530272,-53.86408814529369
-14.0,15.800000190734863,-49.62140213317596
-14.0,15.699999809265137,-48.488058501924144
-14.0,15.600000381469728,-54.49615197707075
-14.0,15.5,-59.503133520275895
-14.0,15.399999618530272,-61.8347901442956
-14.0,15.300000190734863,-59.07746726271887
-14.0,15.199999809265137,-57.95960983876918
-14.0,15.100000381469728,-62.28960521835103
-14.0,15.0,-63.16771433122864
-14.0,14.899999618530272,-66.96044167086313
-14.0,14.800000190734863,-67.23500115621255
-14.0,14.699999809265137,-69.16441646391092
-14.0,14.600000381469728,-67.48570545315641
-14.0,14.5,-69.84118914135985
-14.0,14.399999618530272,-67.7999117331118
-14.0,14.300000190734863,-63.3781035700344
-14.0,14.199999809265137,-63.02269499069587
-14.0,14.100000381469728,-75.6736863555538
-14.0,14.0,-80.61699173839133
-14.0,13.899999618530272,-81.15930539936511
-14.0,13.800000190734863,-95.36577941414112
-14.0,13.699999809265137,-103.61208386881998
-14.0,13.600000381469728,-106.3788035999658
-14.0,13.5,
-14.0,13.399999618530272,
-14.0,13.300000190734863,
-14.0,13.199999809265137,-146.5266720962627
-14.0,13.100000381469728,-141.3364583607082
-14.0,13.0,-140.02966736051735
-14.0,12.899999618530272,-145.90590164248374
-14.0,12.800000190734863,-142.24296820750794
-14.0,12.699999809265137,-141.51927418649927
-14.0,12.600000381469728,
-14.0,12.5,
-14.0,12.399999618530272,
-13.899999618530272,16.600000381469727,
-13.899999618530272,16.5,
-13.899999618530272,16.399999618530273,
-13.899999618530272,16.299999237060547,
-13.899999618530272,16.200000762939453,
-13.899999618530272,16.100000381469727,-53.31333531076824
-13.899999618530272,16.0,-55.39548832562134
-13.899999618530272,15.899999618530272,-58.38627078170917
-13.899999618530272,15.800000190734863,-54.53663757437823
-13.899999618530272,15.699999809265137,-48.6666203643901
-13.899999618530272,15.600000381469728,-55.49157515266137
-13.899999618530272,15.5,-59.60730862307264
-13.899999618530272,15.399999618530272,-60.76471817850504
-13.899999618530272,15.300000190734863,-59.3957158081642
-13.899999618530272,15.199999809265137,-58.07159045468643
-13.899999618530272,15.100000381469728,-57.63679501099793
-13.899999618530272,15.0,-63.15390340695632
-13.899999618530272,14.899999618530272,-67.89814076566256
-13.899999618530272,14.800000190734863,-66.8159434244555
-13.899999618530272,14.699999809265137,-68.93257672704658
-13.899999618530272,14.600000381469728,-70.10718629608812
-13.899999618530272,14.5,-68.68384982574196
-13.899999618530272,14.399999618530272,-68.44388046837372
-13.899999618530272,14.300000190734863,-66.54633147675253
-13.899999618530272,14.199999809265137,-64.16004950120964
-13.899999618530272,14.100000381469728,-67.17336510196634
-13.899999618530272,14.0,-74.3363245906288
-13.899999618530272,13.899999618530272,-78.59767219595341
-13.899999618530272,13.800000190734863,-95.99037008155454
-13.899999618530272,13.699999809265137,-97.42225095435322
-13.899999618530272,13.600000381469728,-98.4521951254428
-13.899999618530272,13.5,
-13.899999618530272,13.399999618530272,
-13.899999618530272,13.300000190734863,-129.2463393657713
-13.899999618530272,13.199999809265137,-135.65572041649602
-13.899999618530272,13.100000381469728,-133.6877176648676
-13.899999618530272,13.0,-136.2734994559637
-13.899999618530272,12.899999618530272,-149.03925946156414
-13.899999618530272,12.800000190734863,-147.93429251199882
-13.899999618530272,12.699999809265137,-147.59259515992835
-13.899999618530272,12.600000381469728,
-13.899999618530272,12.5,
-13.899999618530272,12.399999618530272,
-13.800000190734863,16.600000381469727,
-13.800000190734863,16.5,
-13.800000190734863,16.399999618530273,
-13.800000190734863,16.299999237060547,
-13.800000190734863,16.200000762939453,
-13.800000190734863,16.100000381469727,-54.28298940199444
-13.800000190734863,16.0,-57.438239678780064
-13.800000190734863,15.899999618530272,-60.01181910235903
-13.800000190734863,15.800000190734863,-55.888844517869074
-13.800000190734863,15.699999809265137,-51.202602161060696
-13.800000190734863,15.600000381469728,-54.33088708385992
-13.800000190734863,15.5,-57.40720377001978
-13.800000190734863,15.399999618530272,-60.13007534646764
-13.800000190734863,15.300000190734863,-61.197995773924646
-13.800000190734863,15.199999809265137,-59.97029171033441
-13.800000190734863,15.100000381469728,-58.921084983063565
-13.800000190734863,15.0,-64.22687483323895
-13.800000190734863,14.899999618530272,-64.79182333599732
-13.800000190734863,14.800000190734863,-61.300214273859865
-13.800000190734863,14.699999809265137,-68.51368002986447
-13.800000190734863,14.600000381469728,-70.53957602368837
-13.800000190734863,14.5,-70.41147462829372
-13.800000190734863,14.399999618530272,-69.9093234041053
-13.800000190734863,14.300000190734863,-70.32628080629723
-13.800000190734863,14.199999809265137,-69.52728889922878
-13.800000190734863,14.100000381469728,-69.00571207518624
-13.800000190734863,14.0,-67.23691754617425
-13.800000190734863,13.899999618530272,-77.86111892756577
-13.800000190734863,13.800000190734863,-89.55131095597409
-13.800000190734863,13.699999809265137,-96.14741492766836
-13.800000190734863,13.600000381469728,-97.46900298244212
-13.800000190734863,13.5,-102.3655681698043
-13.800000190734863,13.399999618530272,
-13.800000190734863,13.300000190734863,-118.5143196084066
-13.800000190734863,13.199999809265137,-134.6180349439844
-13.800000190734863,13.100000381469728,-133.20997114078773
-13.800000190734863,13.0,-140.76182105160615
-13.800000190734863,12.899999618530272,-145.48859710493866
-13.800000190734863,12.800000190734863,-147.08600186298725
-13.800000190734863,12.699999809265137,-150.60459078963038
-13.800000190734863,12.600000381469728,
-13.800000190734863,12.5,
-13.800000190734863,12.399999618530272,
-13.699999809265137,16.600000381469727,
-13.699999809265137,16.5,
-13.699999809265137,16.399999618530273,
-13.699999809265137,16.299999237060547,
-13.699999809265137,16.200000762939453,
-13.699999809265137,16.100000381469727,-58.846378982502216
-13.699999809265137,16.0,-60.75341530132255
-13.699999809265137,15.899999618530272,-61.6082148409524
-13.699999809265137,15.800000190734863,-57.49484697399646
-13.699999809265137,15.699999809265137,-54.730570929129215
-13.699999809265137,15.600000381469728,-54.41770161102224
-13.699999809265137,15.5,-58.42411962298013
-13.699999809265137,15.399999618530272,-61.50873649414538
-13.699999809265137,15.300000190734863,-62.84759510278306
-13.699999809265137,15.199999809265137,-60.59031081714156
-13.699999809265137,15.100000381469728,-62.59255178265198
-13.699999809265137,15.0,-64.9070696454157
-13.699999809265137,14.899999618530272,-64.47774768089897
-13.699999809265137,14.800000190734863,-59.760830145933255
-13.699999809265137,14.699999809265137,-66.08306939096809
-13.699999809265137,14.600000381469728,-71.71389121889786
-13.699999809265137,14.5,-70.5821194946165
-13.699999809265137,14.399999618530272,-72.69437959174945
-13.699999809265137,14.300000190734863,-74.30176040570018
-13.699999809265137,14.199999809265137,-72.70441744255521
-13.699999809265137,14.100000381469728,-75.62359049842013
-13.699999809265137,14.0,-71.68068735624757
-13.699999809265137,13.899999618530272,-79.57314714995726
-13.699999809265137,13.800000190734863,-87.68139312806937
-13.699999809265137,13.699999809265137,-98.24713467252042
-13.699999809265137,13.600000381469728,-92.89168038663382
-13.699999809265137,13.5,-100.09272865225029
-13.699999809265137,13.399999618530272,-104.49945217397205
-13.699999809265137,13.300000190734863,-118.921658805952
-13.699999809265137,13.199999809265137,-137.29032991208783
-13.699999809265137,13.100000381469728,-136.6065396110738
-13.699999809265137,13.0,-140.37442237723656
-13.699999809265137,12.899999618530272,-143.85980615213828
-13.699999809265137,12.800000190734863,-150.13388730203292
-13.699999809265137,12.699999809265137,-152.42981932624173
-13.699999809265137,12.600000381469728,
-13.699999809265137,12.5,
-13.699999809265137,12.399999618530272,
-13.600000381469728,16.600000381469727,
-13.600000381469728,16.5,
-13.600000381469728,16.399999618530273,
-13.600000381469728,16.299999237060547,
-13.600000381469728,16.200000762939453,
-13.600000381469728,16.100000381469727,-60.15997407594985
-13.600000381469728,16.0,-58.57590179436009
-13.600000381469728,15.899999618530272,-58.49768463243713
-13.600000381469728,15.800000190734863,-59.17608126217274
-13.600000381469728,15.699999809265137,-56.16098868010516
-13.600000381469728,15.600000381469728,-54.31135458361379
-13.600000381469728,15.5,-58.82580888364524
-13.600000381469728,15.399999618530272,-61.666056352501954
-13.600000381469728,15.300000190734863,-61.99993794624962
-13.600000381469728,15.199999809265137,-63.00113635296413
-13.600000381469728,15.100000381469728,-63.84065236193953
-13.600000381469728,15.0,-64.76808020146058
-13.600000381469728,14.899999618530272,-60.29839214287608
-13.600000381469728,14.800000190734863,-58.65083458574213
-13.600000381469728,14.699999809265137,-61.13668259551065
-13.600000381469728,14.600000381469728,-72.13641582003191
-13.600000381469728,14.5,-73.64919457374816
-13.600000381469728,14.399999618530272,-76.35209486689564
-13.600000381469728,14.300000190734863,-76.8314358981408
-13.600000381469728,14.199999809265137,-73.1176486037657
-13.600000381469728,14.100000381469728,-75.5901135677334
-13.600000381469728,14.0,-74.05060135852693
-13.600000381469728,13.899999618530272,-76.49813789233434
-13.600000381469728,13.800000190734863,-82.95524926561774
-13.600000381469728,13.699999809265137,-91.52480795348777
-13.600000381469728,13.600000381469728,-98.9033948428978
-13.600000381469728,13.5,-104.34162678882404
-13.600000381469728,13.399999618530272,-112.1537675407929
-13.600000381469728,13.300000190734863,-123.7329331808213
-13.600000381469728,13.199999809265137,-137.96784667635507
-13.600000381469728,13.100000381469728,-136.53799653977055
-13.600000381469728,13.0,-135.35048746155144
-13.600000381469728,12.899999618530272,-139.38384050734155
-13.600000381469728,12.800000190734863,-147.25288359069225
-13.600000381469728,12.699999809265137,-147.86096272679208
-13.600000381469728,12.600000381469728,
-13.600000381469728,12.5,
-13.600000381469728,12.399999618530272,
-13.5,16.600000381469727,
-13.5,16.5,
-13.5,16.399999618530273,
-13.5,16.299999237060547,
-13.5,16.200000762939453,
-13.5,16.100000381469727,
-13.5,16.0,-54.65269538062361
-13.5,15.899999618530272,-56.15994427915189
-13.5,15.800000190734863,-58.08394376564138
-13.5,15.699999809265137,-56.93601220872196
-13.5,15.600000381469728,-53.79183015058163
-13.5,15.5,-56.05064172833957
-13.5,15.399999618530272,-60.003684131590944
-13.5,15.300000190734863,-59.63016184723821
-13.5,15.199999809265137,-60.19501285823523
-13.5,15.100000381469728,-66.61015658884654
-13.5,15.0,-60.89651708042396
-13.5,14.899999618530272,-59.37538526840609
-13.5,14.800000190734863,-57.28083645112025
-13.5,14.699999809265137,-56.901158520739614
-13.5,14.600000381469728,-61.99155063795166
-13.5,14.5,-69.21542957720942
-13.5,14.399999618530272,-72.2912419192977
-13.5,14.300000190734863,-75.17291442218533
-13.5,14.199999809265137,-74.83257555591678
-13.5,14.100000381469728,-76.28081438981695
-13.5,14.0,-77.0867118030651
-13.5,13.899999618530272,-80.58033835911112
-13.5,13.800000190734863,-84.59040413167946
-13.5,13.699999809265137,-93.4225275258886
-13.5,13.600000381469728,-100.77270833236508
-13.5,13.5,-110.15624671911996
-13.5,13.399999618530272,-117.02692570786871
-13.5,13.300000190734863,-122.20726534455002
-13.5,13.199999809265137,-135.55729266799165
-13.5,13.100000381469728,-132.22352991830655
-13.5,13.0,-127.46297712583224
-13.5,12.899999618530272,-133.0949053112231
-13.5,12.800000190734863,-140.7172913539157
-13.5,12.699999809265137,-143.38227996658657
-13.5,12.600000381469728,
-13.5,12.5,
-13.5,12.399999618530272,
-13.399999618530272,16.600000381469727,
-13.399999618530272,16.5,
-13.399999618530272,16.399999618530273,
-13.399999618530272,16.299999237060547,
-13.399999618530272,16.200000762939453,
-13.399999618530272,16.100000381469727,
-13.399999618530272,16.0,-52.86301830015901
-13.399999618530272,15.899999618530272,-56.36292650742385
-13.399999618530272,15.800000190734863,-59.89252178139674
-13.399999618530272,15.699999809265137,-57.19926679837167
-13.399999618530272,15.600000381469728,-53.38053663954696
-13.399999618530272,15.5,-55.138373612680766
-13.399999618530272,15.399999618530272,-59.96149687114334
-13.399999618530272,15.300000190734863,-58.65186584498505
-13.399999618530272,15.199999809265137,-65.41073561359937
-13.399999618530272,15.100000381469728,-64.99939487303698
-13.399999618530272,15.0,-60.584339674489854
-13.399999618530272,14.899999618530272,-59.73534711896821
-13.399999618530272,14.800000190734863,-58.091904791646186
-13.399999618530272,14.699999809265137,-56.73344710593119
-13.399999618530272,14.600000381469728,-56.102335754380704
-13.399999618530272,14.5,-60.88985607618309
-13.399999618530272,14.399999618530272,-65.49404806272128
-13.399999618530272,14.300000190734863,-74.57502867314793
-13.399999618530272,14.199999809265137,-78.10908490023161
-13.399999618530272,14.100000381469728,-85.50909107936599
-13.399999618530272,14.0,-87.4528121259558
-13.399999618530272,13.899999618530272,-84.08945519278399
-13.399999618530272,13.800000190734863,-89.93843931967785
-13.399999618530272,13.699999809265137,-102.70685591603336
-13.399999618530272,13.600000381469728,-108.22640433507314
-13.399999618530272,13.5,-113.83257412283176
-13.399999618530272,13.399999618530272,-120.813094002438
-13.399999618530272,13.300000190734863,-127.20505455109576
-13.399999618530272,13.199999809265137,-138.77598387886178
-13.399999618530272,13.100000381469728,-129.62603626653095
-13.399999618530272,13.0,-128.61136966718186
-13.399999618530272,12.899999618530272,-135.28801658133955
-13.399999618530272,12.800000190734863,-145.6109283167699
-13.399999618530272,12.699999809265137,-148.15574696885164
-13.399999618530272,12.600000381469728,
-13.399999618530272,12.5,
-13.399999618530272,12.399999618530272,
-13.300000190734863,16.600000381469727,
-13.300000190734863,16.5,
-13.300000190734863,16.399999618530273,
-13.300000190734863,16.299999237060547,
-13.300000190734863,16.200000762939453,
-13.300000190734863,16.100000381469727,
-13.300000190734863,16.0,
-13.300000190734863,15.899999618530272,
-13.300000190734863,15.800000190734863,-59.06574496073
-13.300000190734863,15.699999809265137,-59.46847218530809
-13.300000190734863,15.600000381469728,-55.30783236121363
-13.300000190734863,15.5,-56.768088045578736
-13.300000190734863,15.399999618530272,-60.33589985507706
-13.300000190734863,15.300000190734863,-60.38736683859267
-13.300000190734863,15.199999809265137,-64.30105717386311
-13.300000190734863,15.100000381469728,-63.8223860301253
-13.300000190734863,15.0,-63.936254523163086
-13.300000190734863,14.899999618530272,-62.73021916946959
-13.300000190734863,14.800000190734863,-60.04221822327042
-13.300000190734863,14.699999809265137,-58.06807038648839
-13.300000190734863,14.600000381469728,-57.22967076788251
-13.300000190734863,14.5,-57.20075869552807
-13.300000190734863,14.399999618530272,-59.01596912785777
-13.300000190734863,14.300000190734863,-72.27572312268387
-13.300000190734863,14.199999809265137,-83.59524454549535
-13.300000190734863,14.100000381469728,-87.1030512281315
-13.300000190734863,14.0,-89.66804183962853
-13.300000190734863,13.899999618530272,-90.28059866861958
-13.300000190734863,13.800000190734863,-92.03649010057433
-13.300000190734863,13.699999809265137,-101.3860118431328
-13.300000190734863,13.600000381469728,-107.1121126965656
-13.300000190734863,13.5,-112.61570776277614
-13.300000190734863,13.399999618530272,-116.12142195741431
-13.300000190734863,13.300000190734863,-123.1171479839673
-13.300000190734863,13.199999809265137,-132.6228657359136
-13.300000190734863,13.100000381469728,-124.4464839165073
-13.300000190734863,13.0,-126.044339351717
-13.300000190734863,12.899999618530272,-142.17619392346217
-13.300000190734863,12.800000190734863,-153.61997235273975
-13.300000190734863,12.699999809265137,-155.87886338280794
-13.300000190734863,12.600000381469728,
-13.300000190734863,12.5,
-13.300000190734863,12.399999618530272,
-13.199999809265137,16.600000381469727,
-13.199999809265137,16.5,
-13.199999809265137,16.399999618530273,
-13.199999809265137,16.299999237060547,
-13.199999809265137,16.200000762939453,
-13.199999809265137,16.100000381469727,
-13.199999809265137,16.0,
-13.199999809265137,15.899999618530272,
-13.199999809265137,15.800000190734863,
-13.199999809265137,15.699999809265137,
-13.199999809265137,15.600000381469728,-61.73141229282314
-13.199999809265137,15.5,-62.381140873657785
-13.199999809265137,15.399999618530272,-66.6048284006402
-13.199999809265137,15.300000190734863,-59.58518606214136
-13.199999809265137,15.199999809265137,-65.93737758115216
-13.199999809265137,15.100000381469728,-64.96609693025175
-13.199999809265137,15.0,-69.20847864252636
-13.199999809265137,14.899999618530272,-66.26790455134159
-13.199999809265137,14.800000190734863,-60.603165055102295
-13.199999809265137,14.699999809265137,-57.0892218237538
-13.199999809265137,14.600000381469728,-56.488055710000765
-13.199999809265137,14.5,-57.95695496875686
-13.199999809265137,14.399999618530272,-58.243327847169326
-13.199999809265137,14.300000190734863,-69.20101606310783
-13.199999809265137,14.199999809265137,-84.2559733422504
-13.199999809265137,14.100000381469728,-87.4715801401548
-13.199999809265137,14.0,-92.51618096161816
-13.199999809265137,13.899999618530272,-93.40386626809226
-13.199999809265137,13.800000190734863,-93.20170352786796
-13.199999809265137,13.699999809265137,-98.8133848587812
-13.199999809265137,13.600000381469728,-105.55884988394558
-13.199999809265137,13.5,-110.43168300439288
-13.199999809265137,13.399999618530272,-116.22171556039632
-13.199999809265137,13.300000190734863,-124.29552295113255
-13.199999809265137,13.199999809265137,-130.44615502907118
-13.199999809265137,13.100000381469728,-123.6251199085699
-13.199999809265137,13.0,-130.11979639123058
-13.199999809265137,12.899999618530272,-147.51171764888454
-13.199999809265137,12.800000190734863,-160.70694818282925
-13.199999809265137,12.699999809265137,-166.34306772397133
-13.199999809265137,12.600000381469728,
-13.199999809265137,12.5,
-13.199999809265137,12.399999618530272,
-13.100000381469728,16.600000381469727,
-13.100000381469728,16.5,
-13.100000381469728,16.399999618530273,
-13.100000381469728,16.299999237060547,
-13.100000381469728,16.200000762939453,
-13.100000381469728,16.100000381469727,
-13.100000381469728,16.0,
-13.100000381469728,15.899999618530272,
-13.100000381469728,15.800000190734863,
-13.100000381469728,15.699999809265137,
-13.100000381469728,15.600000381469728,
-13.100000381469728,15.5,
-13.100000381469728,15.399999618530272,-65.80912681368616
-13.100000381469728,15.300000190734863,-57.45640385958731
-13.100000381469728,15.199999809265137,-61.42382868828068
-13.100000381469728,15.100000381469728,-65.2911298588354
-13.100000381469728,15.0,-72.54916990983202
-13.100000381469728,14.899999618530272,-68.95502039724556
-13.100000381469728,14.800000190734863,-62.505540440903815
-13.100000381469728,14.699999809265137,-59.61168566925846
-13.100000381469728,14.600000381469728,-60.32435963302197
-13.100000381469728,14.5,-59.42011368257812
-13.100000381469728,14.399999618530272,-58.52170326919708
-13.100000381469728,14.300000190734863,-63.62572929828417
-13.100000381469728,14.199999809265137,-77.25529693113856
-13.100000381469728,14.100000381469728,-82.73008052336854
-13.100000381469728,14.0,-85.89903627796997
-13.100000381469728,13.899999618530272,-86.06749690460043
-13.100000381469728,13.800000190734863,-86.19034598356251
-13.100000381469728,13.699999809265137,-90.20486060558932
-13.100000381469728,13.600000381469728,-93.05360646624185
-13.100000381469728,13.5,-104.12829944624856
-13.100000381469728,13.399999618530272,-114.77681706361756
-13.100000381469728,13.300000190734863,-125.2207067402461
-13.100000381469728,13.199999809265137,-131.8956013701996
-13.100000381469728,13.100000381469728,-123.26344320701946
-13.100000381469728,13.0,-136.73939854766593
-13.100000381469728,12.899999618530272,-152.154057229297
-13.100000381469728,12.800000190734863,-172.0804965849893
-13.100000381469728,12.699999809265137,-171.56362949147012
-13.100000381469728,12.600000381469728,
-13.100000381469728,12.5,
-13.100000381469728,12.399999618530272,
-13.0,16.600000381469727,
-13.0,16.5,
-13.0,16.399999618530273,
-13.0,16.299999237060547,
-13.0,16.200000762939453,
-13.0,16.100000381469727,
-13.0,16.0,
-13.0,15.899999618530272,
-13.0,15.800000190734863,
-13.0,15.699999809265137,
-13.0,15.600000381469728,
-13.0,15.5,
-13.0,15.399999618530272,-59.91118238768394
-13.0,15.300000190734863,-56.50410414325998
-13.0,15.199999809265137,-58.90941911149133
-13.0,15.100000381469728,-60.46806345734541
-13.0,15.0,-68.70486890254568
-13.0,14.899999618530272,-69.14425737557468
-13.0,14.800000190734863,-64.32762573194435
-13.0,14.699999809265137,-64.94989968630193
-13.0,14.600000381469728,-60.58005282455656
-13.0,14.5,-60.389533291701184
-13.0,14.399999618530272,-60.295555777771256
-13.0,14.300000190734863,-57.479304538404506
-13.0,14.199999809265137,-69.31640602514159
-13.0,14.100000381469728,-78.9423393681036
-13.0,14.0,-80.40786999477154
-13.0,13.899999618530272,-80.20758687534334
-13.0,13.800000190734863,-81.0211070968312
-13.0,13.699999809265137,-83.60994948414606
-13.0,13.600000381469728,-87.07172218955975
-13.0,13.5,-98.61954625069724
-13.0,13.399999618530272,-113.7117644901328
-13.0,13.300000190734863,-125.71844853752629
-13.0,13.199999809265137,-133.9847153695183
-13.0,13.100000381469728,-122.63955243458383
-13.0,13.0,-141.03468097451434
-13.0,12.899999618530272,-162.26580261397885
-13.0,12.800000190734863,-182.80213439581348
-13.0,12.699999809265137,-176.5100475310354
-13.0,12.600000381469728,-154.8855633229806
-13.0,12.5,-145.3311581823134
-13.0,12.399999618530272,
-12.899999618530272,16.600000381469727,
-12.899999618530272,16.5,
-12.899999618530272,16.399999618530273,
-12.899999618530272,16.299999237060547,
-12.899999618530272,16.200000762939453,
-12.899999618530272,16.100000381469727,
-12.899999618530272,16.0,
-12.899999618530272,15.899999618530272,
-12.899999618530272,15.800000190734863,
-12.899999618530272,15.699999809265137,
-12.899999618530272,15.600000381469728,
-12.899999618530272,15.5,
-12.899999618530272,15.399999618530272,
-12.899999618530272,15.300000190734863,-55.368075553604655
-12.899999618530272,15.199999809265137,-53.99453883108271
-12.899999618530272,15.100000381469728,-60.120821432318166
-12.899999618530272,15.0,-61.971005795670976
-12.899999618530272,14.899999618530272,-66.4434623237853
-12.899999618530272,14.800000190734863,-62.56032974171626
-12.899999618530272,14.699999809265137,-64.3746641939008
-12.899999618530272,14.600000381469728,-60.894927847061695
-12.899999618530272,14.5,-58.17137519339639
-12.899999618530272,14.399999618530272,-58.879121478845946
-12.899999618530272,14.300000190734863,-60.7919092790192
-12.899999618530272,14.199999809265137,-61.23576727530212
-12.899999618530272,14.100000381469728,-75.35995593261089
-12.899999618530272,14.0,-76.23693781160483
-12.899999618530272,13.899999618530272,-75.16365800536818
-12.899999618530272,13.800000190734863,-77.76015056642183
-12.899999618530272,13.699999809265137,-81.96824556692195
-12.899999618530272,13.600000381469728,-87.37374312525037
-12.899999618530272,13.5,-98.80244896916496
-12.899999618530272,13.399999618530272,-111.36292884414394
-12.899999618530272,13.300000190734863,-122.80825028393798
-12.899999618530272,13.199999809265137,-139.02226634835318
-12.899999618530272,13.100000381469728,-131.1654741604218
-12.899999618530272,13.0,-147.41915690929704
-12.899999618530272,12.899999618530272,-170.6333843981157
-12.899999618530272,12.800000190734863,-187.78663300561243
-12.899999618530272,12.699999809265137,-179.393625739492
-12.899999618530272,12.600000381469728,-151.25558663760307
-12.899999618530272,12.5,
-12.899999618530272,12.399999618530272,
-12.800000190734863,16.600000381469727,
-12.800000190734863,16.5,
-12.800000190734863,16.399999618530273,
-12.800000190734863,16.299999237060547,
-12.800000190734863,16.200000762939453,
-12.800000190734863,16.100000381469727,
-12.800000190734863,16.0,
-12.800000190734863,15.899999618530272,
-12.800000190734863,15.800000190734863,
-12.800000190734863,15.699999809265137,
-12.800000190734863,15.600000381469728,
-12.800000190734863,15.5,
-12.800000190734863,15.399999618530272,
-12.800000190734863,15.300000190734863,
-12.800000190734863,15.199999809265137,-54.82839726543148
-12.800000190734863,15.100000381469728,-55.42534639685516
-12.800000190734863,15.0,-61.11198064074733
-12.800000190734863,14.899999618530272,-58.53417142429163
-12.800000190734863,14.800000190734863,-59.72200527109027
-12.800000190734863,14.699999809265137,-64.30803096742846
-12.800000190734863,14.600000381469728,-64.12903703583498
-12.800000190734863,14.5,-59.60445086427643
-12.800000190734863,14.399999618530272,-60.74446980633974
-12.800000190734863,14.300000190734863,-62.76226119916299
-12.800000190734863,14.199999809265137,-65.78922201321848
-12.800000190734863,14.100000381469728,-76.84390839617248
-12.800000190734863,14.0,-76.56100064111115
-12.800000190734863,13.899999618530272,-79.90238947205239
-12.800000190734863,13.800000190734863,-85.55205736407243
-12.800000190734863,13.699999809265137,-83.61807506199
-12.800000190734863,13.600000381469728,-88.49600037710911
-12.800000190734863,13.5,-106.02338202069468
-12.800000190734863,13.399999618530272,-115.3950796718176
-12.800000190734863,13.300000190734863,-130.4167965738729
-12.800000190734863,13.199999809265137,-147.04571539170922
-12.800000190734863,13.100000381469728,-142.07530960582898
-12.800000190734863,13.0,-151.32581618825702
-12.800000190734863,12.899999618530272,-174.45700844704106
-12.800000190734863,12.800000190734863,-191.29400196073584
-12.800000190734863,12.699999809265137,-182.50150363163857
-12.800000190734863,12.600000381469728,-152.3021896561844
-12.800000190734863,12.5,-137.75301531794582
-12.800000190734863,12.399999618530272,
-12.699999809265137,16.600000381469727,
-12.699999809265137,16.5,
-12.699999809265137,16.399999618530273,
-12.699999809265137,16.299999237060547,
-12.699999809265137,16.200000762939453,
-12.699999809265137,16.100000381469727,
-12.699999809265137,16.0,
-12.699999809265137,15.899999618530272,
-12.699999809265137,15.800000190734863,
-12.699999809265137,15.699999809265137,
-12.699999809265137,15.600000381469728,
-12.699999809265137,15.5,
-12.699999809265137,15.399999618530272,
-12.699999809265137,15.300000190734863,
-12.699999809265137,15.199999809265137,
-12.699999809265137,15.100000381469728,
-12.699999809265137,15.0,-54.53428464823105
-12.699999809265137,14.899999618530272,-57.4564644511529
-12.699999809265137,14.800000190734863,-58.79889271725966
-12.699999809265137,14.699999809265137,-62.65860897385437
-12.699999809265137,14.600000381469728,-63.83825485989087
-12.699999809265137,14.5,-67.26604245332618
-12.699999809265137,14.399999618530272,-64.53283206987976
-12.699999809265137,14.300000190734863,-62.43444212577759
-12.699999809265137,14.199999809265137,-67.08472043925053
-12.699999809265137,14.100000381469728,-78.4935515852813
-12.699999809265137,14.0,-76.44874475998603
-12.699999809265137,13.899999618530272,-79.00148682070261
-12.699999809265137,13.800000190734863,-90.42318766513375
-12.699999809265137,13.699999809265137,-86.13279596975127
-12.699999809265137,13.600000381469728,-91.3396485239985
-12.699999809265137,13.5,-107.36914512136212
-12.699999809265137,13.399999618530272,-114.86247519602614
-12.699999809265137,13.300000190734863,-131.65637081969209
-12.699999809265137,13.199999809265137,-146.8561506330687
-12.699999809265137,13.100000381469728,-137.40729967418622
-12.699999809265137,13.0,-146.9565176647087
-12.699999809265137,12.899999618530272,-170.09792045443282
-12.699999809265137,12.800000190734863,-184.1383732577052
-12.699999809265137,12.699999809265137,-172.69774295033392
-12.699999809265137,12.600000381469728,-134.80346584223378
-12.699999809265137,12.5,-124.7996461545922
-12.699999809265137,12.399999618530272,
-12.600000381469728,16.600000381469727,
-12.600000381469728,16.5,
-12.600000381469728,16.399999618530273,
-12.600000381469728,16.299999237060547,
-12.600000381469728,16.200000762939453,
-12.600000381469728,16.100000381469727,
-12.600000381469728,16.0,
-12.600000381469728,15.899999618530272,
-12.600000381469728,15.800000190734863,
-12.600000381469728,15.699999809265137,
-12.600000381469728,15.600000381469728,
-12.600000381469728,15.5,
-12.600000381469728,15.399999618530272,
-12.600000381469728,15.300000190734863,
-12.600000381469728,15.199999809265137,
-12.600000381469728,15.100000381469728,
-12.600000381469728,15.0,-54.815599312429526
-12.600000381469728,14.899999618530272,-57.55361069297373
-12.600000381469728,14.800000190734863,-58.23715814662757
-12.600000381469728,14.699999809265137,-59.53563429691815
-12.600000381469728,14.600000381469728,-65.09533673110508
-12.600000381469728,14.5,-68.36510789960641
-12.600000381469728,14.399999618530272,-67.56842423305392
-12.600000381469728,14.300000190734863,-66.32025483966532
-12.600000381469728,14.199999809265137,-68.26250495550511
-12.600000381469728,14.100000381469728,-72.95648322569411
-12.600000381469728,14.0,-71.62109858552503
-12.600000381469728,13.899999618530272,-73.6838290140252
-12.600000381469728,13.800000190734863,-93.02570316174432
-12.600000381469728,13.699999809265137,-90.19921115938187
-12.600000381469728,13.600000381469728,-92.47189705681716
-12.600000381469728,13.5,-106.77938676611387
-12.600000381469728,13.399999618530272,-114.52494355840464
-12.600000381469728,13.300000190734863,-126.78444061753976
-12.600000381469728,13.199999809265137,-144.49412976781127
-12.600000381469728,13.100000381469728,-135.12714750884692
-12.600000381469728,13.0,-144.5705099749125
-12.600000381469728,12.899999618530272,-168.27555790570727
-12.600000381469728,12.800000190734863,-182.5478072134323
-12.600000381469728,12.699999809265137,-166.34230186139655
-12.600000381469728,12.600000381469728,-133.9829017279601
-12.600000381469728,12.5,-125.64269134045662
-12.600000381469728,12.399999618530272,
-12.5,16.600000381469727,
-12.5,16.5,
-12.5,16.399999618530273,
-12.5,16.299999237060547,
-12.5,16.200000762939453,
-12.5,16.100000381469727,
-12.5,16.0,
-12.5,15.899999618530272,
-12.5,15.800000190734863,
-12.5,15.699999809265137,
-12.5,15.600000381469728,
-12.5,15.5,
-12.5,15.399999618530272,
-12.5,15.300000190734863,
-12.5,15.199999809265137,
-12.5,15.100000381469728,
-12.5,15.0,-55.70764317992274
-12.5,14.899999618530272,-60.30691241156978
-12.5,14.800000190734863,-58.714146171577454
-12.5,14.699999809265137,-64.80851511314717
-12.5,14.600000381469728,-68.99763717826653
-12.5,14.5,-69.66477525270341
-12.5,14.399999618530272,-66.70698413532648
-12.5,14.300000190734863,-67.04431964873675
-12.5,14.199999809265137,-66.54730457137197
-12.5,14.100000381469728,-64.92379500282607
-12.5,14.0,-70.90347423794651
-12.5,13.899999618530272,-70.94830842800428
-12.5,13.800000190734863,-89.14564507229488
-12.5,13.699999809265137,-90.76299537481998
-12.5,13.600000381469728,-93.41588085957476
-12.5,13.5,-105.76423249425368
-12.5,13.399999618530272,-112.93295149535356
-12.5,13.300000190734863,-129.84915191336063
-12.5,13.199999809265137,-144.81076478707712
-12.5,13.100000381469728,-137.3090744702729
-12.5,13.0,-148.5129753120283
-12.5,12.899999618530272,-168.51393883773062
-12.5,12.800000190734863,-184.0173606398463
-12.5,12.699999809265137,-177.5792280565306
-12.5,12.600000381469728,-149.45666664284877
-12.5,12.5,-144.92867417461684
-12.5,12.399999618530272,
-12.399999618530272,16.600000381469727,
-12.399999618530272,16.5,
-12.399999618530272,16.399999618530273,
-12.399999618530272,16.299999237060547,
-12.399999618530272,16.200000762939453,
-12.399999618530272,16.100000381469727,
-12.399999618530272,16.0,
-12.399999618530272,15.899999618530272,
-12.399999618530272,15.800000190734863,
-12.399999618530272,15.699999809265137,
-12.399999618530272,15.600000381469728,
-12.399999618530272,15.5,
-12.399999618530272,15.399999618530272,
-12.399999618530272,15.300000190734863,
-12.399999618530272,15.199999809265137,
-12.399999618530272,15.100000381469728,
-12.399999618530272,15.0,
-12.399999618530272,14.899999618530272,
-12.399999618530272,14.800000190734863,-58.524583747288034
-12.399999618530272,14.699999809265137,-62.96234783439638
-12.399999618530272,14.600000381469728,-66.60771708191794
-12.399999618530272,14.5,-67.75403365882914
-12.399999618530272,14.399999618530272,-68.94512221151831
-12.399999618530272,14.300000190734863,-65.46230641568957
-12.399999618530272,14.199999809265137,-65.66664528947626
-12.399999618530272,14.100000381469728,-62.82922265137336
-12.399999618530272,14.0,-61.044262955927024
-12.399999618530272,13.899999618530272,-68.81281533649252
-12.399999618530272,13.800000190734863,-87.96809234847473
-12.399999618530272,13.699999809265137,-87.34607494127687
-12.399999618530272,13.600000381469728,-92.40052050198592
-12.399999618530272,13.5,-104.46076641097278
-12.399999618530272,13.399999618530272,-115.69719340566024
-12.399999618530272,13.300000190734863,-132.04602559705535
-12.399999618530272,13.199999809265137,-147.25136631234813
-12.399999618530272,13.100000381469728,-138.01563587734051
-12.399999618530272,13.0,-147.43217388107746
-12.399999618530272,12.899999618530272,-170.44733835076136
-12.399999618530272,12.800000190734863,-184.0669009008858
-12.399999618530272,12.699999809265137,-184.2014678251901
-12.399999618530272,12.600000381469728,-164.0196857124822
-12.399999618530272,12.5,-162.0529748273119
-12.399999618530272,12.399999618530272,-233.4120611297429
-12.300000190734863,16.600000381469727,
-12.300000190734863,16.5,
-12.300000190734863,16.399999618530273,
-12.300000190734863,16.299999237060547,
-12.300000190734863,16.200000762939453,
-12.300000190734863,16.100000381469727,
-12.300000190734863,16.0,
-12.300000190734863,15.899999618530272,
-12.300000190734863,15.800000190734863,
-12.300000190734863,15.699999809265137,
-12.300000190734863,15.600000381469728,
-12.300000190734863,15.5,
-12.300000190734863,15.399999618530272,
-12.300000190734863,15.300000190734863,
-12.300000190734863,15.199999809265137,
-12.300000190734863,15.100000381469728,
-12.300000190734863,15.0,
-12.300000190734863,14.899999618530272,
-12.300000190734863,14.800000190734863,
-12.300000190734863,14.699999809265137,-59.37672697489609
-12.300000190734863,14.600000381469728,-64.87048603304663
-12.300000190734863,14.5,-64.98828025224725
-12.300000190734863,14.399999618530272,-64.89106444362096
-12.300000190734863,14.300000190734863,-65.09466313490435
-12.300000190734863,14.199999809265137,-65.49488089638959
-12.300000190734863,14.100000381469728,-61.09326447422677
-12.300000190734863,14.0,-57.225472260418485
-12.300000190734863,13.899999618530272,-63.56719188580951
-12.300000190734863,13.800000190734863,-82.17736761180771
-12.300000190734863,13.699999809265137,-90.6152021457952
-12.300000190734863,13.600000381469728,-98.51203697880794
-12.300000190734863,13.5,-109.90924458944151
-12.300000190734863,13.399999618530272,-122.74635010296544
-12.300000190734863,13.300000190734863,-134.81710776362735
-12.300000190734863,13.199999809265137,-151.09846811681433
-12.300000190734863,13.100000381469728,-144.58455827221235
-12.300000190734863,13.0,-155.02321158262362
-12.300000190734863,12.899999618530272,-172.77301432574416
-12.300000190734863,12.800000190734863,-190.18336198727388
-12.300000190734863,12.699999809265137,-187.36757882170104
-12.300000190734863,12.600000381469728,-171.81018588687334
-12.300000190734863,12.5,-167.60402000301076
-12.300000190734863,12.399999618530272,-214.9682116422539
-12.199999809265137,16.600000381469727,
-12.199999809265137,16.5,
-12.199999809265137,16.399999618530273,
-12.199999809265137,16.299999237060547,
-12.199999809265137,16.200000762939453,
-12.199999809265137,16.100000381469727,
-12.199999809265137,16.0,
-12.199999809265137,15.899999618530272,
-12.199999809265137,15.800000190734863,
-12.199999809265137,15.699999809265137,
-12.199999809265137,15.600000381469728,
-12.199999809265137,15.5,
-12.199999809265137,15.399999618530272,
-12.199999809265137,15.300000190734863,
-12.199999809265137,15.199999809265137,
-12.199999809265137,15.100000381469728,
-12.199999809265137,15.0,
-12.199999809265137,14.899999618530272,
-12.199999809265137,14.800000190734863,
-12.199999809265137,14.699999809265137,
-12.199999809265137,14.600000381469728,-60.45743899972217
-12.199999809265137,14.5,
-12.199999809265137,14.399999618530272,-58.31625273780918
-12.199999809265137,14.300000190734863,-59.14468668657054
-12.199999809265137,14.199999809265137,-59.195629432329326
-12.199999809265137,14.100000381469728,-57.77375196987765
-12.199999809265137,14.0,-54.95897012315192
-12.199999809265137,13.899999618530272,-54.78756591283036
-12.199999809265137,13.800000190734863,-79.53971215236697
-12.199999809265137,13.699999809265137,-82.69860870412714
-12.199999809265137,13.600000381469728,-90.2420375154008
-12.199999809265137,13.5,-101.77394349120097
-12.199999809265137,13.399999618530272,-107.8064006934378
-12.199999809265137,13.300000190734863,-118.85557870175398
-12.199999809265137,13.199999809265137,-135.57694378541146
-12.199999809265137,13.100000381469728,-136.86331752133196
-12.199999809265137,13.0,-146.49599631151875
-12.199999809265137,12.899999618530272,-159.01144415507235
-12.199999809265137,12.800000190734863,-174.73268247108876
-12.199999809265137,12.699999809265137,-169.51382374915818
-12.199999809265137,12.600000381469728,-156.79100831936125
-12.199999809265137,12.5,-144.0724443456263
-12.199999809265137,12.399999618530272,-162.41363529765
-12.100000381469728,16.600000381469727,
-12.100000381469728,16.5,
-12.100000381469728,16.399999618530273,
-12.100000381469728,16.299999237060547,
-12.100000381469728,16.200000762939453,
-12.100000381469728,16.100000381469727,
-12.100000381469728,16.0,
-12.100000381469728,15.899999618530272,
-12.100000381469728,15.800000190734863,
-12.100000381469728,15.699999809265137,
-12.100000381469728,15.600000381469728,
-12.100000381469728,15.5,
-12.100000381469728,15.399999618530272,
-12.100000381469728,15.300000190734863,
-12.100000381469728,15.199999809265137,
-12.100000381469728,15.100000381469728,
-12.100000381469728,15.0,
-12.100000381469728,14.899999618530272,
-12.100000381469728,14.800000190734863,
-12.100000381469728,14.699999809265137,
-12.100000381469728,14.600000381469728,
-12.100000381469728,14.5,
-12.100000381469728,14.399999618530272,
-12.100000381469728,14.300000190734863,-56.68858060253382
-12.100000381469728,14.199999809265137,-60.10285151459294
-12.100000381469728,14.100000381469728,-60.94867743520547
-12.100000381469728,14.0,-54.25347038925622
-12.100000381469728,13.899999618530272,-52.840333789694114
-12.100000381469728,13.800000190734863,-66.86990416752883
-12.100000381469728,13.699999809265137,-75.55653852547368
-12.100000381469728,13.600000381469728,-79.17161394378559
-12.100000381469728,13.5,-90.5852749292547
-12.100000381469728,13.399999618530272,-93.97739951039227
-12.100000381469728,13.300000190734863,-105.7872275043046
-12.100000381469728,13.199999809265137,-123.58024120541666
-12.100000381469728,13.100000381469728,-123.63512941350972
-12.100000381469728,13.0,-133.06487734282757
-12.100000381469728,12.899999618530272,-149.236078742249
-12.100000381469728,12.800000190734863,-159.888791276882
-12.100000381469728,12.699999809265137,-155.84367810174228
-12.100000381469728,12.600000381469728,-143.93842367956472
-12.100000381469728,12.5,-134.61948020148827
-12.100000381469728,12.399999618530272,
-12.0,16.600000381469727,
-12.0,16.5,
-12.0,16.399999618530273,
-12.0,16.299999237060547,
-12.0,16.200000762939453,
-12.0,16.100000381469727,
-12.0,16.0,
-12.0,15.899999618530272,
-12.0,15.800000190734863,
-12.0,15.699999809265137,
-12.0,15.600000381469728,
-12.0,15.5,
-12.0,15.399999618530272,
-12.0,15.300000190734863,
-12.0,15.199999809265137,
-12.0,15.100000381469728,
-12.0,15.0,
-12.0,14.899999618530272,
-12.0,14.800000190734863,
-12.0,14.699999809265137,
-12.0,14.600000381469728,
-12.0,14.5,
-12.0,14.399999618530272,
-12.0,14.300000190734863,
-12.0,14.199999809265137,-65.40684730720852
-12.0,14.100000381469728,-65.91968939240638
-12.0,14.0,
-12.0,13.899999618530272,-60.86161144570718
-12.0,13.800000190734863,-73.60965128221761
-12.0,13.699999809265137,
-12.0,13.600000381469728,
-12.0,13.5,-82.14644838693056
-12.0,13.399999618530272,-84.15887613383268
-12.0,13.300000190734863,-90.35793791471156
-12.0,13.199999809265137,-109.2818068801007
-12.0,13.100000381469728,-111.09995889823232
-12.0,13.0,-121.50781829145284
-12.0,12.899999618530272,-142.89774257614192
-12.0,12.800000190734863,-154.40193074947297
-12.0,12.699999809265137,-158.3355283999856
-12.0,12.600000381469728,-154.00411329977055
-12.0,12.5,-154.59305555420133
-12.0,12.399999618530272,
-11.899999618530272,16.600000381469727,
-11.899999618530272,16.5,
-11.899999618530272,16.399999618530273,
-11.899999618530272,16.299999237060547,
-11.899999618530272,16.200000762939453,
-11.899999618530272,16.100000381469727,
-11.899999618530272,16.0,
-11.899999618530272,15.899999618530272,
-11.899999618530272,15.800000190734863,
-11.899999618530272,15.699999809265137,
-11.899999618530272,15.600000381469728,
-11.899999618530272,15.5,
-11.899999618530272,15.399999618530272,
-11.899999618530272,15.300000190734863,
-11.899999618530272,15.199999809265137,
-11.899999618530272,15.100000381469728,
-11.899999618530272,15.0,
-11.899999618530272,14.899999618530272,
-11.899999618530272,14.800000190734863,
-11.899999618530272,14.699999809265137,
-11.899999618530272,14.600000381469728,
-11.899999618530272,14.5,
-11.899999618530272,14.399999618530272,
-11.899999618530272,14.300000190734863,
-11.899999618530272,14.199999809265137,
-11.899999618530272,14.100000381469728,
-11.899999618530272,14.0,
-11.899999618530272,13.899999618530272,
-11.899999618530272,13.800000190734863,
-11.899999618530272,13.699999809265137,
-11.899999618530272,13.600000381469728,
-11.899999618530272,13.5,
-11.899999618530272,13.399999618530272,-75.7745233012788
-11.899999618530272,13.300000190734863,-78.81594452445665
-11.899999618530272,13.199999809265137,-96.5080914207466
-11.899999618530272,13.100000381469728,-98.91324760051076
-11.899999618530272,13.0,-107.13589283721105
-11.899999618530272,12.899999618530272,-125.35980747779628
-11.899999618530272,12.800000190734863,-142.6322306848648
-11.899999618530272,12.699999809265137,-160.35428555167482
-11.899999618530272,12.600000381469728,-168.68991300274558
-11.899999618530272,12.5,-180.444197988552
-11.899999618530272,12.399999618530272,
-11.800000190734863,16.600000381469727,
-11.800000190734863,16.5,
-11.800000190734863,16.399999618530273,
-11.800000190734863,16.299999237060547,
-11.800000190734863,16.200000762939453,
-11.800000190734863,16.100000381469727,
-11.800000190734863,16.0,
-11.800000190734863,15.899999618530272,
-11.800000190734863,15.800000190734863,
-11.800000190734863,15.699999809265137,
-11.800000190734863,15.600000381469728,
-11.800000190734863,15.5,
-11.800000190734863,15.399999618530272,
-11.800000190734863,15.300000190734863,
-11.800000190734863,15.199999809265137,
-11.800000190734863,15.100000381469728,
-11.800000190734863,15.0,
-11.800000190734863,14.899999618530272,
-11.800000190734863,14.800000190734863,
-11.800000190734863,14.699999809265137,
-11.800000190734863,14.600000381469728,
-11.800000190734863,14.5,
-11.800000190734863,14.399999618530272,
-11.800000190734863,14.300000190734863,
-11.800000190734863,14.199999809265137,
-11.800000190734863,14.100000381469728,
-11.800000190734863,14.0,
-11.800000190734863,13.899999618530272,
-11.800000190734863,13.800000190734863,
-11.800000190734863,13.699999809265137,
-11.800000190734863,13.600000381469728,
-11.800000190734863,13.5,
-11.800000190734863,13.399999618530272,
-11.800000190734863,13.300000190734863,-54.77816183598895
-11.800000190734863,13.199999809265137,-71.62109815156043
-11.800000190734863,13.100000381469728,-72.02260866223526
-11.800000190734863,13.0,-79.31957068961924
-11.800000190734863,12.899999618530272,-95.90676437554362
-11.800000190734863,12.800000190734863,-111.55740956850376
-11.800000190734863,12.699999809265137,-139.38123435911564
-11.800000190734863,12.600000381469728,-158.15350922420646
-11.800000190734863,12.5,-180.7801397899649
-11.800000190734863,12.399999618530272,
-11.699999809265137,16.600000381469727,
-11.699999809265137,16.5,
-11.699999809265137,16.399999618530273,
-11.699999809265137,16.299999237060547,
-11.699999809265137,16.200000762939453,
-11.699999809265137,16.100000381469727,
-11.699999809265137,16.0,
-11.699999809265137,15.899999618530272,
-11.699999809265137,15.800000190734863,
-11.699999809265137,15.699999809265137,
-11.699999809265137,15.600000381469728,
-11.699999809265137,15.5,
-11.699999809265137,15.399999618530272,
-11.699999809265137,15.300000190734863,
-11.699999809265137,15.199999809265137,
-11.699999809265137,15.100000381469728,
-11.699999809265137,15.0,
-11.699999809265137,14.899999618530272,
-11.699999809265137,14.800000190734863,
-11.699999809265137,14.699999809265137,
-11.699999809265137,14.600000381469728,
-11.699999809265137,14.5,
-11.699999809265137,14.399999618530272,
-11.699999809265137,14.300000190734863,
-11.699999809265137,14.199999809265137,
-11.699999809265137,14.100000381469728,
-11.699999809265137,14.0,
-11.699999809265137,13.899999618530272,
-11.699999809265137,13.800000190734863,
-11.699999809265137,13.699999809265137,
-11.699999809265137,13.600000381469728,
-11.699999809265137,13.5,
-11.699999809265137,13.399999618530272,-62.31928515754498
-11.699999809265137,13.300000190734863,-56.90351603160502
-11.699999809265137,13.199999809265137,-60.20356971752051
-11.699999809265137,13.100000381469728,-60.56445206129251
-11.699999809265137,13.0,-65.59998124199103
-11.699999809265137,12.899999618530272,-85.68953361536262
-11.699999809265137,12.800000190734863,-100.4431327610314
-11.699999809265137,12.699999809265137,-107.20060274932804
-11.699999809265137,12.600000381469728,-125.55545393060744
-11.699999809265137,12.5,-158.9186522282762
-11.699999809265137,12.399999618530272,
-11.600000381469728,16.600000381469727,
-11.600000381469728,16.5,
-11.600000381469728,16.399999618530273,
-11.600000381469728,16.299999237060547,
-11.600000381469728,16.200000762939453,
-11.600000381469728,16.100000381469727,
-11.600000381469728,16.0,
-11.600000381469728,15.899999618530272,
-11.600000381469728,15.800000190734863,
-11.600000381469728,15.699999809265137,
-11.600000381469728,15.600000381469728,
-11.600000381469728,15.5,
-11.600000381469728,15.399999618530272,
-11.600000381469728,15.300000190734863,
-11.600000381469728,15.199999809265137,
-11.600000381469728,15.100000381469728,
-11.600000381469728,15.0,
-11.600000381469728,14.899999618530272,
-11.600000381469728,14.800000190734863,
-11.600000381469728,14.699999809265137,
-11.600000381469728,14.600000381469728,
-11.600000381469728,14.5,
-11.600000381469728,14.399999618530272,
-11.600000381469728,14.300000190734863,
-11.600000381469728,14.199999809265137,
-11.600000381469728,14.100000381469728,
-11.600000381469728,14.0,
-11.600000381469728,13.899999618530272,
-11.600000381469728,13.800000190734863,
-11.600000381469728,13.699999809265137,
-11.600000381469728,13.600000381469728,
-11.600000381469728,13.5,
-11.600000381469728,13.399999618530272,
-11.600000381469728,13.300000190734863,-58.70045367493708
-11.600000381469728,13.199999809265137,-60.112636232396426
-11.600000381469728,13.100000381469728,-56.97451035238987
-11.600000381469728,13.0,-63.6300277815518
-11.600000381469728,12.899999618530272,-81.25942588127168
-11.600000381469728,12.800000190734863,-96.74282675264476
-11.600000381469728,12.699999809265137,-94.53686260726728
-11.600000381469728,12.600000381469728,-99.54216752773436
-11.600000381469728,12.5,-134.00026279809765
-11.600000381469728,12.399999618530272,
-11.5,16.600000381469727,
-11.5,16.5,
-11.5,16.399999618530273,
-11.5,16.299999237060547,
-11.5,16.200000762939453,
-11.5,16.100000381469727,
-11.5,16.0,
-11.5,15.899999618530272,
-11.5,15.800000190734863,
-11.5,15.699999809265137,
-11.5,15.600000381469728,
-11.5,15.5,
-11.5,15.399999618530272,
-11.5,15.300000190734863,
-11.5,15.199999809265137,
-11.5,15.100000381469728,
-11.5,15.0,
-11.5,14.899999618530272,
-11.5,14.800000190734863,
-11.5,14.699999809265137,
-11.5,14.600000381469728,
-11.5,14.5,
-11.5,14.399999618530272,
-11.5,14.300000190734863,
-11.5,14.199999809265137,
-11.5,14.100000381469728,
-11.5,14.0,
-11.5,13.899999618530272,
-11.5,13.800000190734863,
-11.5,13.699999809265137,
-11.5,13.600000381469728,
-11.5,13.5,
-11.5,13.399999618530272,
-11.5,13.300000190734863,
-11.5,13.199999809265137,
-11.5,13.100000381469728,-56.21349495726918
-11.5,13.0,-59.24462104869883
-11.5,12.899999618530272,-76.3772531646872
-11.5,12.800000190734863,-92.17996403474184
-11.5,12.699999809265137,-93.0184292411949
-11.5,12.600000381469728,-85.80019879723318
-11.5,12.5,-106.5728814313693
-11.5,12.399999618530272,
-11.399999618530272,16.600000381469727,
-11.399999618530272,16.5,
-11.399999618530272,16.399999618530273,
-11.399999618530272,16.299999237060547,
-11.399999618530272,16.200000762939453,
-11.399999618530272,16.100000381469727,
-11.399999618530272,16.0,
-11.399999618530272,15.899999618530272,
-11.399999618530272,15.800000190734863,
-11.399999618530272,15.699999809265137,
-11.399999618530272,15.600000381469728,
-11.399999618530272,15.5,
-11.399999618530272,15.399999618530272,
-11.399999618530272,15.300000190734863,
-11.399999618530272,15.199999809265137,
-11.399999618530272,15.100000381469728,
-11.399999618530272,15.0,
-11.399999618530272,14.899999618530272,
-11.399999618530272,14.800000190734863,
-11.399999618530272,14.699999809265137,
-11.399999618530272,14.600000381469728,
-11.399999618530272,14.5,
-11.399999618530272,14.399999618530272,
-11.399999618530272,14.300000190734863,
-11.399999618530272,14.199999809265137,
-11.399999618530272,14.100000381469728,
-11.399999618530272,14.0,
-11.399999618530272,13.899999618530272,
-11.399999618530272,13.800000190734863,
-11.399999618530272,13.699999809265137,
-11.399999618530272,13.600000381469728,
-11.399999618530272,13.5,
-11.399999618530272,13.399999618530272,
-11.399999618530272,13.300000190734863,
-11.399999618530272,13.199999809265137,
-11.399999618530272,13.100000381469728,
-11.399999618530272,13.0,
-11.399999618530272,12.899999618530272,-87.2246784144711
-11.399999618530272,12.800000190734863,-102.446035803732
-11.399999618530272,12.699999809265137,
-11.399999618530272,12.600000381469728,
-11.399999618530272,12.5,-75.42055451691522
-11.399999618530272,12.399999618530272,
