longitude,latitude,dry_spell_total_length
-17.299999237060547,16.600000381469727,
-17.299999237060547,16.5,
-17.299999237060547,16.399999618530273,
-17.299999237060547,16.299999237060547,
-17.299999237060547,16.200000762939453,
-17.299999237060547,16.100000381469727,
-17.299999237060547,16.0,
-17.299999237060547,15.899999618530273,
-17.299999237060547,15.800000190734863,
-17.299999237060547,15.699999809265137,
-17.299999237060547,15.600000381469727,
-17.299999237060547,15.5,
-17.299999237060547,15.399999618530273,
-17.299999237060547,15.300000190734863,
-17.299999237060547,15.199999809265137,
-17.299999237060547,15.100000381469727,
-17.299999237060547,15.0,
-17.299999237060547,14.899999618530273,
-17.299999237060547,14.800000190734863,95.47142857142856
-17.299999237060547,14.699999809265137,
-17.299999237060547,14.600000381469727,
-17.299999237060547,14.5,
-17.299999237060547,14.399999618530273,
-17.299999237060547,14.300000190734863,
-17.299999237060547,14.199999809265137,
-17.299999237060547,14.100000381469727,
-17.299999237060547,14.0,
-17.299999237060547,13.899999618530273,
-17.299999237060547,13.800000190734863,
-17.299999237060547,13.699999809265137,
-17.299999237060547,13.600000381469727,
-17.299999237060547,13.5,
-17.299999237060547,13.399999618530273,
-17.299999237060547,13.300000190734863,
-17.299999237060547,13.199999809265137,
-17.299999237060547,13.100000381469727,
-17.299999237060547,13.0,
-17.299999237060547,12.899999618530273,
-17.299999237060547,12.800000190734863,
-17.299999237060547,12.699999809265137,
-17.299999237060547,12.600000381469727,
-17.299999237060547,12.5,
-17.299999237060547,12.399999618530273,
-17.200000762939453,16.600000381469727,
-17.200000762939453,16.5,
-17.200000762939453,16.399999618530273,
-17.200000762939453,16.299999237060547,
-17.200000762939453,16.200000762939453,
-17.200000762939453,16.100000381469727,
-17.200000762939453,16.0,
-17.200000762939453,15.899999618530273,
-17.200000762939453,15.800000190734863,
-17.200000762939453,15.699999809265137,
-17.200000762939453,15.600000381469727,
-17.200000762939453,15.5,
-17.200000762939453,15.399999618530273,
-17.200000762939453,15.300000190734863,
-17.200000762939453,15.199999809265137,
-17.200000762939453,15.100000381469727,
-17.200000762939453,15.0,
-17.200000762939453,14.899999618530273,
-17.200000762939453,14.800000190734863,92.36825396825395
-17.200000762939453,14.699999809265137,90.86666666666666
-17.200000762939453,14.600000381469727,
-17.200000762939453,14.5,
-17.200000762939453,14.399999618530273,
-17.200000762939453,14.300000190734863,
-17.200000762939453,14.199999809265137,
-17.200000762939453,14.100000381469727,
-17.200000762939453,14.0,
-17.200000762939453,13.899999618530273,
-17.200000762939453,13.800000190734863,
-17.200000762939453,13.699999809265137,
-17.200000762939453,13.600000381469727,
-17.200000762939453,13.5,
-17.200000762939453,13.399999618530273,
-17.200000762939453,13.300000190734863,
-17.200000762939453,13.199999809265137,
-17.200000762939453,13.100000381469727,
-17.200000762939453,13.0,
-17.200000762939453,12.899999618530273,
-17.200000762939453,12.800000190734863,
-17.200000762939453,12.699999809265137,
-17.200000762939453,12.600000381469727,
-17.200000762939453,12.5,
-17.200000762939453,12.399999618530273,
-17.100000381469727,16.600000381469727,
-17.100000381469727,16.5,
-17.100000381469727,16.399999618530273,
-17.100000381469727,16.299999237060547,
-17.100000381469727,16.200000762939453,
-17.100000381469727,16.100000381469727,
-17.100000381469727,16.0,
-17.100000381469727,15.899999618530273,
-17.100000381469727,15.800000190734863,
-17.100000381469727,15.699999809265137,
-17.100000381469727,15.600000381469727,
-17.100000381469727,15.5,
-17.100000381469727,15.399999618530273,
-17.100000381469727,15.300000190734863,
-17.100000381469727,15.199999809265137,
-17.100000381469727,15.100000381469727,
-17.100000381469727,15.0,
-17.100000381469727,14.899999618530273,86.33968253968256
-17.100000381469727,14.800000190734863,84.57301587301588
-17.100000381469727,14.699999809265137,83.58095238095238
-17.100000381469727,14.600000381469727,0.0
-17.100000381469727,14.5,
-17.100000381469727,14.399999618530273,
-17.100000381469727,14.300000190734863,
-17.100000381469727,14.199999809265137,
-17.100000381469727,14.100000381469727,
-17.100000381469727,14.0,
-17.100000381469727,13.899999618530273,
-17.100000381469727,13.800000190734863,
-17.100000381469727,13.699999809265137,
-17.100000381469727,13.600000381469727,
-17.100000381469727,13.5,
-17.100000381469727,13.399999618530273,
-17.100000381469727,13.300000190734863,
-17.100000381469727,13.199999809265137,
-17.100000381469727,13.100000381469727,
-17.100000381469727,13.0,
-17.100000381469727,12.899999618530273,
-17.100000381469727,12.800000190734863,
-17.100000381469727,12.699999809265137,
-17.100000381469727,12.600000381469727,
-17.100000381469727,12.5,
-17.100000381469727,12.399999618530273,
-17.0,16.600000381469727,
-17.0,16.5,
-17.0,16.399999618530273,
-17.0,16.299999237060547,
-17.0,16.200000762939453,
-17.0,16.100000381469727,
-17.0,16.0,
-17.0,15.899999618530273,
-17.0,15.800000190734863,
-17.0,15.699999809265137,
-17.0,15.600000381469727,
-17.0,15.5,
-17.0,15.399999618530273,
-17.0,15.300000190734863,
-17.0,15.199999809265137,
-17.0,15.100000381469727,
-17.0,15.0,89.0984126984127
-17.0,14.899999618530273,84.13809523809525
-17.0,14.800000190734863,81.43333333333332
-17.0,14.699999809265137,80.78095238095237
-17.0,14.600000381469727,80.50634920634921
-17.0,14.5,80.29047619047617
-17.0,14.399999618530273,
-17.0,14.300000190734863,
-17.0,14.199999809265137,
-17.0,14.100000381469727,
-17.0,14.0,
-17.0,13.899999618530273,
-17.0,13.800000190734863,
-17.0,13.699999809265137,
-17.0,13.600000381469727,
-17.0,13.5,
-17.0,13.399999618530273,
-17.0,13.300000190734863,
-17.0,13.199999809265137,
-17.0,13.100000381469727,
-17.0,13.0,
-17.0,12.899999618530273,
-17.0,12.800000190734863,
-17.0,12.699999809265137,
-17.0,12.600000381469727,
-17.0,12.5,
-17.0,12.399999618530273,
-16.899999618530273,16.600000381469727,
-16.899999618530273,16.5,
-16.899999618530273,16.399999618530273,
-16.899999618530273,16.299999237060547,
-16.899999618530273,16.200000762939453,
-16.899999618530273,16.100000381469727,
-16.899999618530273,16.0,
-16.899999618530273,15.899999618530273,
-16.899999618530273,15.800000190734863,
-16.899999618530273,15.699999809265137,
-16.899999618530273,15.600000381469727,
-16.899999618530273,15.5,
-16.899999618530273,15.399999618530273,
-16.899999618530273,15.300000190734863,
-16.899999618530273,15.199999809265137,
-16.899999618530273,15.100000381469727,89.71904761904761
-16.899999618530273,15.0,87.84126984126985
-16.899999618530273,14.899999618530273,83.12539682539685
-16.899999618530273,14.800000190734863,80.4095238095238
-16.899999618530273,14.699999809265137,79.48095238095237
-16.899999618530273,14.600000381469727,79.03174603174604
-16.899999618530273,14.5,78.74444444444443
-16.899999618530273,14.399999618530273,77.4920634920635
-16.899999618530273,14.300000190734863,77.30634920634921
-16.899999618530273,14.199999809265137,
-16.899999618530273,14.100000381469727,
-16.899999618530273,14.0,
-16.899999618530273,13.899999618530273,
-16.899999618530273,13.800000190734863,
-16.899999618530273,13.699999809265137,
-16.899999618530273,13.600000381469727,
-16.899999618530273,13.5,
-16.899999618530273,13.399999618530273,
-16.899999618530273,13.300000190734863,
-16.899999618530273,13.199999809265137,
-16.899999618530273,13.100000381469727,
-16.899999618530273,13.0,
-16.899999618530273,12.899999618530273,
-16.899999618530273,12.800000190734863,
-16.899999618530273,12.699999809265137,
-16.899999618530273,12.600000381469727,
-16.899999618530273,12.5,
-16.899999618530273,12.399999618530273,
-16.799999237060547,16.600000381469727,
-16.799999237060547,16.5,
-16.799999237060547,16.399999618530273,
-16.799999237060547,16.299999237060547,
-16.799999237060547,16.200000762939453,
-16.799999237060547,16.100000381469727,
-16.799999237060547,16.0,
-16.799999237060547,15.899999618530273,
-16.799999237060547,15.800000190734863,
-16.799999237060547,15.699999809265137,
-16.799999237060547,15.600000381469727,
-16.799999237060547,15.5,
-16.799999237060547,15.399999618530273,
-16.799999237060547,15.300000190734863,95.64285714285714
-16.799999237060547,15.199999809265137,90.51587301587304
-16.799999237060547,15.100000381469727,88.34603174603174
-16.799999237060547,15.0,86.60634920634921
-16.799999237060547,14.899999618530273,82.52063492063492
-16.799999237060547,14.800000190734863,79.85873015873015
-16.799999237060547,14.699999809265137,78.79682539682537
-16.799999237060547,14.600000381469727,78.41111111111111
-16.799999237060547,14.5,78.06349206349208
-16.799999237060547,14.399999618530273,76.55396825396824
-16.799999237060547,14.300000190734863,75.59999999999998
-16.799999237060547,14.199999809265137,75.55714285714285
-16.799999237060547,14.100000381469727,
-16.799999237060547,14.0,
-16.799999237060547,13.899999618530273,
-16.799999237060547,13.800000190734863,
-16.799999237060547,13.699999809265137,
-16.799999237060547,13.600000381469727,
-16.799999237060547,13.5,
-16.799999237060547,13.399999618530273,
-16.799999237060547,13.300000190734863,
-16.799999237060547,13.199999809265137,
-16.799999237060547,13.100000381469727,
-16.799999237060547,13.0,
-16.799999237060547,12.899999618530273,
-16.799999237060547,12.800000190734863,
-16.799999237060547,12.699999809265137,
-16.799999237060547,12.600000381469727,
-16.799999237060547,12.5,
-16.799999237060547,12.399999618530273,
-16.700000762939453,16.600000381469727,
-16.700000762939453,16.5,
-16.700000762939453,16.399999618530273,
-16.700000762939453,16.299999237060547,
-16.700000762939453,16.200000762939453,
-16.700000762939453,16.100000381469727,
-16.700000762939453,16.0,
-16.700000762939453,15.899999618530273,
-16.700000762939453,15.800000190734863,
-16.700000762939453,15.699999809265137,
-16.700000762939453,15.600000381469727,
-16.700000762939453,15.5,
-16.700000762939453,15.399999618530273,98.15079365079366
-16.700000762939453,15.300000190734863,90.38253968253969
-16.700000762939453,15.199999809265137,87.96825396825399
-16.700000762939453,15.100000381469727,86.26984126984127
-16.700000762939453,15.0,85.3920634920635
-16.700000762939453,14.899999618530273,81.45873015873018
-16.700000762939453,14.800000190734863,79.4936507936508
-16.700000762939453,14.699999809265137,78.46825396825396
-16.700000762939453,14.600000381469727,77.87301587301587
-16.700000762939453,14.5,77.05396825396826
-16.700000762939453,14.399999618530273,75.23333333333332
-16.700000762939453,14.300000190734863,74.23492063492064
-16.700000762939453,14.199999809265137,73.58571428571429
-16.700000762939453,14.100000381469727,73.33333333333333
-16.700000762939453,14.0,70.65873015873015
-16.700000762939453,13.899999618530273,69.54920634920634
-16.700000762939453,13.800000190734863,0.0
-16.700000762939453,13.699999809265137,
-16.700000762939453,13.600000381469727,
-16.700000762939453,13.5,
-16.700000762939453,13.399999618530273,
-16.700000762939453,13.300000190734863,
-16.700000762939453,13.199999809265137,
-16.700000762939453,13.100000381469727,56.54126984126984
-16.700000762939453,13.0,55.23650793650794
-16.700000762939453,12.899999618530273,54.25555555555555
-16.700000762939453,12.800000190734863,53.98730158730159
-16.700000762939453,12.699999809265137,52.77301587301587
-16.700000762939453,12.600000381469727,52.026984126984125
-16.700000762939453,12.5,51.7
-16.700000762939453,12.399999618530273,51.64761904761905
-16.600000381469727,16.600000381469727,
-16.600000381469727,16.5,
-16.600000381469727,16.399999618530273,
-16.600000381469727,16.299999237060547,
-16.600000381469727,16.200000762939453,
-16.600000381469727,16.100000381469727,
-16.600000381469727,16.0,
-16.600000381469727,15.899999618530273,
-16.600000381469727,15.800000190734863,
-16.600000381469727,15.699999809265137,
-16.600000381469727,15.600000381469727,99.18253968253967
-16.600000381469727,15.5,96.73809523809523
-16.600000381469727,15.399999618530273,92.5095238095238
-16.600000381469727,15.300000190734863,87.02222222222221
-16.600000381469727,15.199999809265137,84.5142857142857
-16.600000381469727,15.100000381469727,82.76349206349207
-16.600000381469727,15.0,81.3873015873016
-16.600000381469727,14.899999618530273,78.91111111111111
-16.600000381469727,14.800000190734863,77.81904761904764
-16.600000381469727,14.699999809265137,76.96507936507938
-16.600000381469727,14.600000381469727,75.04920634920634
-16.600000381469727,14.5,74.03492063492064
-16.600000381469727,14.399999618530273,72.44761904761906
-16.600000381469727,14.300000190734863,71.4920634920635
-16.600000381469727,14.199999809265137,70.83015873015873
-16.600000381469727,14.100000381469727,69.0984126984127
-16.600000381469727,14.0,67.13015873015873
-16.600000381469727,13.899999618530273,65.93492063492063
-16.600000381469727,13.800000190734863,65.0079365079365
-16.600000381469727,13.699999809265137,64.58253968253969
-16.600000381469727,13.600000381469727,
-16.600000381469727,13.5,
-16.600000381469727,13.399999618530273,
-16.600000381469727,13.300000190734863,
-16.600000381469727,13.199999809265137,
-16.600000381469727,13.100000381469727,53.19523809523809
-16.600000381469727,13.0,52.10634920634921
-16.600000381469727,12.899999618530273,51.2984126984127
-16.600000381469727,12.800000190734863,50.88095238095237
-16.600000381469727,12.699999809265137,49.87777777777778
-16.600000381469727,12.600000381469727,0.0
-16.600000381469727,12.5,49.07142857142856
-16.600000381469727,12.399999618530273,49.08730158730158
-16.5,16.600000381469727,
-16.5,16.5,
-16.5,16.399999618530273,
-16.5,16.299999237060547,
-16.5,16.200000762939453,
-16.5,16.100000381469727,
-16.5,16.0,0.0
-16.5,15.899999618530273,0.0
-16.5,15.800000190734863,102.9888888888889
-16.5,15.699999809265137,100.23968253968253
-16.5,15.600000381469727,97.42380952380952
-16.5,15.5,92.69999999999999
-16.5,15.399999618530273,91.00634920634921
-16.5,15.300000190734863,85.74285714285715
-16.5,15.199999809265137,83.36349206349207
-16.5,15.100000381469727,81.33650793650793
-16.5,15.0,79.64761904761905
-16.5,14.899999618530273,77.56825396825398
-16.5,14.800000190734863,76.14603174603174
-16.5,14.699999809265137,74.5079365079365
-16.5,14.600000381469727,72.77460317460319
-16.5,14.5,71.8984126984127
-16.5,14.399999618530273,70.20952380952382
-16.5,14.300000190734863,69.81428571428572
-16.5,14.199999809265137,68.44603174603175
-16.5,14.100000381469727,67.08412698412698
-16.5,14.0,65.18095238095239
-16.5,13.899999618530273,64.13015873015873
-16.5,13.800000190734863,63.26190476190477
-16.5,13.699999809265137,62.53015873015873
-16.5,13.600000381469727,61.05873015873015
-16.5,13.5,
-16.5,13.399999618530273,
-16.5,13.300000190734863,
-16.5,13.199999809265137,
-16.5,13.100000381469727,52.19841269841269
-16.5,13.0,51.107936507936515
-16.5,12.899999618530273,50.04285714285714
-16.5,12.800000190734863,49.60634920634921
-16.5,12.699999809265137,48.815873015873024
-16.5,12.600000381469727,48.17301587301587
-16.5,12.5,48.104761904761915
-16.5,12.399999618530273,48.02063492063492
-16.399999618530273,16.600000381469727,
-16.399999618530273,16.5,
-16.399999618530273,16.399999618530273,
-16.399999618530273,16.299999237060547,
-16.399999618530273,16.200000762939453,113.13174603174605
-16.399999618530273,16.100000381469727,109.67301587301587
-16.399999618530273,16.0,107.0142857142857
-16.399999618530273,15.899999618530273,105.29841269841269
-16.399999618530273,15.800000190734863,101.84761904761903
-16.399999618530273,15.699999809265137,98.40634920634918
-16.399999618530273,15.600000381469727,93.83333333333334
-16.399999618530273,15.5,91.79682539682541
-16.399999618530273,15.399999618530273,90.0936507936508
-16.399999618530273,15.300000190734863,85.11428571428573
-16.399999618530273,15.199999809265137,82.40793650793651
-16.399999618530273,15.100000381469727,80.33492063492064
-16.399999618530273,15.0,78.83968253968254
-16.399999618530273,14.899999618530273,76.62698412698413
-16.399999618530273,14.800000190734863,75.16984126984127
-16.399999618530273,14.699999809265137,72.95079365079366
-16.399999618530273,14.600000381469727,71.62222222222223
-16.399999618530273,14.5,70.69682539682539
-16.399999618530273,14.399999618530273,69.18095238095239
-16.399999618530273,14.300000190734863,67.64761904761906
-16.399999618530273,14.199999809265137,67.20000000000002
-16.399999618530273,14.100000381469727,65.98730158730159
-16.399999618530273,14.0,64.16031746031747
-16.399999618530273,13.899999618530273,62.98888888888889
-16.399999618530273,13.800000190734863,61.89206349206349
-16.399999618530273,13.699999809265137,61.52063492063491
-16.399999618530273,13.600000381469727,59.95079365079365
-16.399999618530273,13.5,
-16.399999618530273,13.399999618530273,
-16.399999618530273,13.300000190734863,
-16.399999618530273,13.199999809265137,
-16.399999618530273,13.100000381469727,51.24603174603175
-16.399999618530273,13.0,49.976190476190474
-16.399999618530273,12.899999618530273,49.11111111111112
-16.399999618530273,12.800000190734863,48.92063492063492
-16.399999618530273,12.699999809265137,48.114285714285714
-16.399999618530273,12.600000381469727,47.976190476190474
-16.399999618530273,12.5,47.44761904761905
-16.399999618530273,12.399999618530273,47.56666666666666
-16.299999237060547,16.600000381469727,
-16.299999237060547,16.5,
-16.299999237060547,16.399999618530273,115.83968253968253
-16.299999237060547,16.299999237060547,114.85238095238094
-16.299999237060547,16.200000762939453,111.68095238095236
-16.299999237060547,16.100000381469727,108.1888888888889
-16.299999237060547,16.0,105.69047619047619
-16.299999237060547,15.899999618530273,104.65555555555557
-16.299999237060547,15.800000190734863,100.81111111111113
-16.299999237060547,15.699999809265137,95.27460317460316
-16.299999237060547,15.600000381469727,93.25555555555556
-16.299999237060547,15.5,91.22857142857141
-16.299999237060547,15.399999618530273,90.01904761904763
-16.299999237060547,15.300000190734863,84.48253968253968
-16.299999237060547,15.199999809265137,81.91111111111111
-16.299999237060547,15.100000381469727,80.33809523809525
-16.299999237060547,15.0,78.72063492063492
-16.299999237060547,14.899999618530273,76.12063492063491
-16.299999237060547,14.800000190734863,74.03015873015873
-16.299999237060547,14.699999809265137,72.26984126984128
-16.299999237060547,14.600000381469727,70.89365079365079
-16.299999237060547,14.5,70.19523809523811
-16.299999237060547,14.399999618530273,68.07142857142856
-16.299999237060547,14.300000190734863,66.85079365079366
-16.299999237060547,14.199999809265137,65.87460317460317
-16.299999237060547,14.100000381469727,65.48888888888888
-16.299999237060547,14.0,63.73650793650793
-16.299999237060547,13.899999618530273,62.53174603174604
-16.299999237060547,13.800000190734863,61.11746031746032
-16.299999237060547,13.699999809265137,60.58571428571428
-16.299999237060547,13.600000381469727,58.7968253968254
-16.299999237060547,13.5,
-16.299999237060547,13.399999618530273,
-16.299999237060547,13.300000190734863,
-16.299999237060547,13.199999809265137,
-16.299999237060547,13.100000381469727,50.63015873015872
-16.299999237060547,13.0,49.57619047619048
-16.299999237060547,12.899999618530273,48.85396825396825
-16.299999237060547,12.800000190734863,48.63650793650794
-16.299999237060547,12.699999809265137,47.74761904761905
-16.299999237060547,12.600000381469727,47.25714285714286
-16.299999237060547,12.5,46.86507936507936
-16.299999237060547,12.399999618530273,
-16.200000762939453,16.600000381469727,
-16.200000762939453,16.5,112.83492063492064
-16.200000762939453,16.399999618530273,111.58253968253968
-16.200000762939453,16.299999237060547,110.11428571428571
-16.200000762939453,16.200000762939453,108.06666666666668
-16.200000762939453,16.100000381469727,105.78095238095239
-16.200000762939453,16.0,103.5
-16.200000762939453,15.899999618530273,101.55238095238094
-16.200000762939453,15.800000190734863,95.62380952380953
-16.200000762939453,15.699999809265137,92.63650793650794
-16.200000762939453,15.600000381469727,90.79206349206349
-16.200000762939453,15.5,88.91428571428573
-16.200000762939453,15.399999618530273,86.37301587301587
-16.200000762939453,15.300000190734863,82.88888888888889
-16.200000762939453,15.199999809265137,80.42063492063491
-16.200000762939453,15.100000381469727,78.99682539682541
-16.200000762939453,15.0,76.82222222222224
-16.200000762939453,14.899999618530273,73.48412698412699
-16.200000762939453,14.800000190734863,72.05555555555556
-16.200000762939453,14.699999809265137,70.59206349206349
-16.200000762939453,14.600000381469727,69.01428571428572
-16.200000762939453,14.5,67.56825396825397
-16.200000762939453,14.399999618530273,65.92539682539685
-16.200000762939453,14.300000190734863,64.79682539682538
-16.200000762939453,14.199999809265137,63.828571428571436
-16.200000762939453,14.100000381469727,62.52063492063491
-16.200000762939453,14.0,60.7888888888889
-16.200000762939453,13.899999618530273,60.025396825396825
-16.200000762939453,13.800000190734863,58.80634920634921
-16.200000762939453,13.699999809265137,58.166666666666664
-16.200000762939453,13.600000381469727,56.11904761904763
-16.200000762939453,13.5,
-16.200000762939453,13.399999618530273,
-16.200000762939453,13.300000190734863,
-16.200000762939453,13.199999809265137,
-16.200000762939453,13.100000381469727,49.04920634920636
-16.200000762939453,13.0,48.21904761904763
-16.200000762939453,12.899999618530273,47.39047619047619
-16.200000762939453,12.800000190734863,47.06666666666667
-16.200000762939453,12.699999809265137,46.13015873015873
-16.200000762939453,12.600000381469727,45.771428571428565
-16.200000762939453,12.5,45.1
-16.200000762939453,12.399999618530273,
-16.100000381469727,16.600000381469727,
-16.100000381469727,16.5,110.45714285714283
-16.100000381469727,16.399999618530273,108.73968253968253
-16.100000381469727,16.299999237060547,107.41111111111111
-16.100000381469727,16.200000762939453,105.87619047619049
-16.100000381469727,16.100000381469727,103.5952380952381
-16.100000381469727,16.0,101.64761904761905
-16.100000381469727,15.899999618530273,97.57619047619048
-16.100000381469727,15.800000190734863,93.98095238095237
-16.100000381469727,15.699999809265137,90.93015873015872
-16.100000381469727,15.600000381469727,89.41269841269839
-16.100000381469727,15.5,86.37301587301586
-16.100000381469727,15.399999618530273,85.23968253968253
-16.100000381469727,15.300000190734863,82.47301587301588
-16.100000381469727,15.199999809265137,79.4984126984127
-16.100000381469727,15.100000381469727,77.55555555555556
-16.100000381469727,15.0,75.22380952380952
-16.100000381469727,14.899999618530273,72.53492063492064
-16.100000381469727,14.800000190734863,71.23015873015873
-16.100000381469727,14.699999809265137,69.56190476190476
-16.100000381469727,14.600000381469727,67.9968253968254
-16.100000381469727,14.5,66.76190476190476
-16.100000381469727,14.399999618530273,64.88253968253969
-16.100000381469727,14.300000190734863,63.9190476190476
-16.100000381469727,14.199999809265137,62.838095238095235
-16.100000381469727,14.100000381469727,61.32539682539682
-16.100000381469727,14.0,60.24444444444445
-16.100000381469727,13.899999618530273,59.07301587301586
-16.100000381469727,13.800000190734863,57.96507936507936
-16.100000381469727,13.699999809265137,57.03809523809524
-16.100000381469727,13.600000381469727,55.32539682539683
-16.100000381469727,13.5,
-16.100000381469727,13.399999618530273,
-16.100000381469727,13.300000190734863,
-16.100000381469727,13.199999809265137,
-16.100000381469727,13.100000381469727,48.334920634920636
-16.100000381469727,13.0,47.41746031746032
-16.100000381469727,12.899999618530273,46.43333333333334
-16.100000381469727,12.800000190734863,46.03492063492064
-16.100000381469727,12.699999809265137,45.12539682539682
-16.100000381469727,12.600000381469727,44.765079365079366
-16.100000381469727,12.5,44.34285714285714
-16.100000381469727,12.399999618530273,
-16.0,16.600000381469727,
-16.0,16.5,109.52222222222223
-16.0,16.399999618530273,107.48730158730157
-16.0,16.299999237060547,106.05714285714285
-16.0,16.200000762939453,104.77619047619048
-16.0,16.100000381469727,102.75238095238095
-16.0,16.0,98.23174603174604
-16.0,15.899999618530273,96.12539682539682
-16.0,15.800000190734863,92.72380952380952
-16.0,15.699999809265137,90.16031746031744
-16.0,15.600000381469727,87.78412698412698
-16.0,15.5,85.81746031746032
-16.0,15.399999618530273,84.91904761904762
-16.0,15.300000190734863,81.87142857142858
-16.0,15.199999809265137,79.07142857142858
-16.0,15.100000381469727,76.35396825396826
-16.0,15.0,74.74126984126985
-16.0,14.899999618530273,72.23968253968253
-16.0,14.800000190734863,71.01904761904761
-16.0,14.699999809265137,69.07777777777777
-16.0,14.600000381469727,67.54603174603176
-16.0,14.5,66.33333333333333
-16.0,14.399999618530273,64.33333333333333
-16.0,14.300000190734863,62.95396825396826
-16.0,14.199999809265137,61.96349206349206
-16.0,14.100000381469727,60.63015873015873
-16.0,14.0,59.58412698412698
-16.0,13.899999618530273,58.596825396825395
-16.0,13.800000190734863,56.66825396825398
-16.0,13.699999809265137,55.914285714285704
-16.0,13.600000381469727,54.411111111111104
-16.0,13.5,
-16.0,13.399999618530273,
-16.0,13.300000190734863,
-16.0,13.199999809265137,
-16.0,13.100000381469727,47.94603174603175
-16.0,13.0,46.80793650793651
-16.0,12.899999618530273,46.044444444444444
-16.0,12.800000190734863,45.31111111111112
-16.0,12.699999809265137,44.50317460317461
-16.0,12.600000381469727,43.93015873015872
-16.0,12.5,43.788888888888884
-16.0,12.399999618530273,
-15.899999618530273,16.600000381469727,
-15.899999618530273,16.5,107.82063492063493
-15.899999618530273,16.399999618530273,105.97777777777776
-15.899999618530273,16.299999237060547,105.0111111111111
-15.899999618530273,16.200000762939453,103.35079365079366
-15.899999618530273,16.100000381469727,99.22063492063492
-15.899999618530273,16.0,96.55555555555554
-15.899999618530273,15.899999618530273,95.1031746031746
-15.899999618530273,15.800000190734863,92.12539682539683
-15.899999618530273,15.699999809265137,88.33650793650794
-15.899999618530273,15.600000381469727,86.87142857142855
-15.899999618530273,15.5,85.25873015873016
-15.899999618530273,15.399999618530273,84.12539682539682
-15.899999618530273,15.300000190734863,80.7095238095238
-15.899999618530273,15.199999809265137,77.53650793650796
-15.899999618530273,15.100000381469727,75.78730158730161
-15.899999618530273,15.0,73.61428571428571
-15.899999618530273,14.899999618530273,71.83333333333333
-15.899999618530273,14.800000190734863,70.40000000000002
-15.899999618530273,14.699999809265137,68.62857142857143
-15.899999618530273,14.600000381469727,67.084126984127
-15.899999618530273,14.5,65.415873015873
-15.899999618530273,14.399999618530273,63.60634920634921
-15.899999618530273,14.300000190734863,61.93968253968254
-15.899999618530273,14.199999809265137,60.93333333333334
-15.899999618530273,14.100000381469727,59.87460317460318
-15.899999618530273,14.0,58.72698412698413
-15.899999618530273,13.899999618530273,57.30476190476192
-15.899999618530273,13.800000190734863,55.76984126984127
-15.899999618530273,13.699999809265137,54.91111111111112
-15.899999618530273,13.600000381469727,53.60634920634921
-15.899999618530273,13.5,
-15.899999618530273,13.399999618530273,
-15.899999618530273,13.300000190734863,
-15.899999618530273,13.199999809265137,
-15.899999618530273,13.100000381469727,47.37619047619047
-15.899999618530273,13.0,46.098412698412695
-15.899999618530273,12.899999618530273,45.39365079365079
-15.899999618530273,12.800000190734863,44.858730158730154
-15.899999618530273,12.699999809265137,43.87777777777778
-15.899999618530273,12.600000381469727,43.36825396825397
-15.899999618530273,12.5,42.75555555555555
-15.899999618530273,12.399999618530273,
-15.800000190734863,16.600000381469727,
-15.800000190734863,16.5,106.78095238095239
-15.800000190734863,16.399999618530273,104.9793650793651
-15.800000190734863,16.299999237060547,103.91904761904763
-15.800000190734863,16.200000762939453,99.65079365079366
-15.800000190734863,16.100000381469727,97.26825396825397
-15.800000190734863,16.0,94.94761904761904
-15.800000190734863,15.899999618530273,93.484126984127
-15.800000190734863,15.800000190734863,90.44126984126984
-15.800000190734863,15.699999809265137,87.48412698412696
-15.800000190734863,15.600000381469727,86.32857142857144
-15.800000190734863,15.5,84.6079365079365
-15.800000190734863,15.399999618530273,83.10000000000001
-15.800000190734863,15.300000190734863,79.54444444444445
-15.800000190734863,15.199999809265137,76.72063492063492
-15.800000190734863,15.100000381469727,74.79047619047618
-15.800000190734863,15.0,73.19365079365079
-15.800000190734863,14.899999618530273,71.22539682539681
-15.800000190734863,14.800000190734863,69.94761904761904
-15.800000190734863,14.699999809265137,68.47777777777776
-15.800000190734863,14.600000381469727,66.48412698412697
-15.800000190734863,14.5,65.15555555555555
-15.800000190734863,14.399999618530273,62.75714285714286
-15.800000190734863,14.300000190734863,61.269841269841265
-15.800000190734863,14.199999809265137,60.16031746031746
-15.800000190734863,14.100000381469727,59.3
-15.800000190734863,14.0,57.590476190476195
-15.800000190734863,13.899999618530273,56.56031746031746
-15.800000190734863,13.800000190734863,55.27142857142857
-15.800000190734863,13.699999809265137,54.27460317460317
-15.800000190734863,13.600000381469727,52.980952380952374
-15.800000190734863,13.5,
-15.800000190734863,13.399999618530273,
-15.800000190734863,13.300000190734863,48.82380952380953
-15.800000190734863,13.199999809265137,47.61428571428572
-15.800000190734863,13.100000381469727,46.29523809523809
-15.800000190734863,13.0,45.51111111111111
-15.800000190734863,12.899999618530273,44.607936507936515
-15.800000190734863,12.800000190734863,44.32539682539683
-15.800000190734863,12.699999809265137,43.36190476190476
-15.800000190734863,12.600000381469727,42.458730158730155
-15.800000190734863,12.5,41.98571428571429
-15.800000190734863,12.399999618530273,
-15.699999809265137,16.600000381469727,
-15.699999809265137,16.5,
-15.699999809265137,16.399999618530273,103.88571428571429
-15.699999809265137,16.299999237060547,100.64761904761905
-15.699999809265137,16.200000762939453,97.47936507936508
-15.699999809265137,16.100000381469727,95.0142857142857
-15.699999809265137,16.0,92.73650793650793
-15.699999809265137,15.899999618530273,91.93650793650794
-15.699999809265137,15.800000190734863,89.1920634920635
-15.699999809265137,15.699999809265137,86.45714285714286
-15.699999809265137,15.600000381469727,85.24126984126983
-15.699999809265137,15.5,83.4063492063492
-15.699999809265137,15.399999618530273,81.4936507936508
-15.699999809265137,15.300000190734863,78.8111111111111
-15.699999809265137,15.199999809265137,76.09206349206349
-15.699999809265137,15.100000381469727,74.21428571428572
-15.699999809265137,15.0,72.49682539682541
-15.699999809265137,14.899999618530273,70.5904761904762
-15.699999809265137,14.800000190734863,69.3936507936508
-15.699999809265137,14.699999809265137,67.57777777777777
-15.699999809265137,14.600000381469727,65.39682539682538
-15.699999809265137,14.5,64.25079365079365
-15.699999809265137,14.399999618530273,62.23809523809524
-15.699999809265137,14.300000190734863,60.86349206349207
-15.699999809265137,14.199999809265137,59.67619047619048
-15.699999809265137,14.100000381469727,58.24603174603175
-15.699999809265137,14.0,56.66190476190476
-15.699999809265137,13.899999618530273,55.13809523809523
-15.699999809265137,13.800000190734863,54.06031746031745
-15.699999809265137,13.699999809265137,53.455555555555556
-15.699999809265137,13.600000381469727,51.94285714285714
-15.699999809265137,13.5,
-15.699999809265137,13.399999618530273,
-15.699999809265137,13.300000190734863,48.009523809523806
-15.699999809265137,13.199999809265137,46.31904761904762
-15.699999809265137,13.100000381469727,45.16031746031746
-15.699999809265137,13.0,44.352380952380955
-15.699999809265137,12.899999618530273,43.77936507936508
-15.699999809265137,12.800000190734863,43.34285714285714
-15.699999809265137,12.699999809265137,42.6095238095238
-15.699999809265137,12.600000381469727,41.707936507936516
-15.699999809265137,12.5,41.13809523809524
-15.699999809265137,12.399999618530273,
-15.600000381469727,16.600000381469727,
-15.600000381469727,16.5,104.63015873015874
-15.600000381469727,16.399999618530273,100.9904761904762
-15.600000381469727,16.299999237060547,99.19365079365079
-15.600000381469727,16.200000762939453,95.9015873015873
-15.600000381469727,16.100000381469727,93.6079365079365
-15.600000381469727,16.0,91.42380952380952
-15.600000381469727,15.899999618530273,90.71269841269842
-15.600000381469727,15.800000190734863,88.56190476190474
-15.600000381469727,15.699999809265137,85.93809523809524
-15.600000381469727,15.600000381469727,84.37777777777778
-15.600000381469727,15.5,82.2015873015873
-15.600000381469727,15.399999618530273,80.44126984126983
-15.600000381469727,15.300000190734863,78.32698412698412
-15.600000381469727,15.199999809265137,75.22539682539684
-15.600000381469727,15.100000381469727,73.14603174603174
-15.600000381469727,15.0,71.21269841269842
-15.600000381469727,14.899999618530273,69.69682539682539
-15.600000381469727,14.800000190734863,68.66984126984127
-15.600000381469727,14.699999809265137,66.66666666666667
-15.600000381469727,14.600000381469727,64.88730158730158
-15.600000381469727,14.5,63.58888888888888
-15.600000381469727,14.399999618530273,61.417460317460325
-15.600000381469727,14.300000190734863,60.13333333333334
-15.600000381469727,14.199999809265137,58.51111111111111
-15.600000381469727,14.100000381469727,56.87936507936508
-15.600000381469727,14.0,55.58888888888888
-15.600000381469727,13.899999618530273,54.590476190476195
-15.600000381469727,13.800000190734863,53.27460317460317
-15.600000381469727,13.699999809265137,52.43333333333333
-15.600000381469727,13.600000381469727,50.852380952380955
-15.600000381469727,13.5,
-15.600000381469727,13.399999618530273,
-15.600000381469727,13.300000190734863,47.15079365079365
-15.600000381469727,13.199999809265137,45.507936507936506
-15.600000381469727,13.100000381469727,44.417460317460325
-15.600000381469727,13.0,43.59206349206349
-15.600000381469727,12.899999618530273,43.006349206349206
-15.600000381469727,12.800000190734863,42.841269841269835
-15.600000381469727,12.699999809265137,42.15396825396825
-15.600000381469727,12.600000381469727,41.39047619047619
-15.600000381469727,12.5,40.48253968253968
-15.600000381469727,12.399999618530273,
-15.5,16.600000381469727,
-15.5,16.5,102.96984126984128
-15.5,16.399999618530273,100.38095238095238
-15.5,16.299999237060547,98.45079365079366
-15.5,16.200000762939453,95.14285714285714
-15.5,16.100000381469727,93.1888888888889
-15.5,16.0,91.42063492063491
-15.5,15.899999618530273,90.4
-15.5,15.800000190734863,88.44920634920635
-15.5,15.699999809265137,85.22063492063492
-15.5,15.600000381469727,83.46031746031747
-15.5,15.5,81.60634920634922
-15.5,15.399999618530273,80.6920634920635
-15.5,15.300000190734863,78.11428571428571
-15.5,15.199999809265137,74.6190476190476
-15.5,15.100000381469727,72.53650793650795
-15.5,15.0,70.69365079365079
-15.5,14.899999618530273,68.95079365079364
-15.5,14.800000190734863,67.74444444444444
-15.5,14.699999809265137,66.31904761904764
-15.5,14.600000381469727,64.5111111111111
-15.5,14.5,63.17619047619047
-15.5,14.399999618530273,61.18412698412699
-15.5,14.300000190734863,59.293650793650784
-15.5,14.199999809265137,58.028571428571425
-15.5,14.100000381469727,56.400000000000006
-15.5,14.0,55.2031746031746
-15.5,13.899999618530273,54.06507936507937
-15.5,13.800000190734863,52.72698412698413
-15.5,13.699999809265137,51.68888888888889
-15.5,13.600000381469727,50.520634920634926
-15.5,13.5,
-15.5,13.399999618530273,
-15.5,13.300000190734863,46.165079365079364
-15.5,13.199999809265137,44.91111111111112
-15.5,13.100000381469727,44.12063492063493
-15.5,13.0,43.03650793650794
-15.5,12.899999618530273,42.4031746031746
-15.5,12.800000190734863,42.17777777777777
-15.5,12.699999809265137,41.81111111111112
-15.5,12.600000381469727,40.87936507936507
-15.5,12.5,
-15.5,12.399999618530273,
-15.399999618530273,16.600000381469727,
-15.399999618530273,16.5,101.79047619047618
-15.399999618530273,16.399999618530273,99.68730158730159
-15.399999618530273,16.299999237060547,97.92063492063492
-15.399999618530273,16.200000762939453,94.43492063492063
-15.399999618530273,16.100000381469727,93.0047619047619
-15.399999618530273,16.0,90.81904761904761
-15.399999618530273,15.899999618530273,90.13015873015874
-15.399999618530273,15.800000190734863,87.6920634920635
-15.399999618530273,15.699999809265137,84.34126984126985
-15.399999618530273,15.600000381469727,82.88888888888889
-15.399999618530273,15.5,81.63809523809523
-15.399999618530273,15.399999618530273,80.55714285714286
-15.399999618530273,15.300000190734863,77.58253968253969
-15.399999618530273,15.199999809265137,73.95873015873016
-15.399999618530273,15.100000381469727,71.68571428571427
-15.399999618530273,15.0,70.18888888888888
-15.399999618530273,14.899999618530273,67.83333333333333
-15.399999618530273,14.800000190734863,66.4857142857143
-15.399999618530273,14.699999809265137,65.3920634920635
-15.399999618530273,14.600000381469727,63.90317460317461
-15.399999618530273,14.5,62.87777777777778
-15.399999618530273,14.399999618530273,60.07777777777778
-15.399999618530273,14.300000190734863,58.11111111111111
-15.399999618530273,14.199999809265137,57.16666666666668
-15.399999618530273,14.100000381469727,55.58253968253968
-15.399999618530273,14.0,54.215873015873015
-15.399999618530273,13.899999618530273,52.93333333333333
-15.399999618530273,13.800000190734863,51.57301587301587
-15.399999618530273,13.699999809265137,
-15.399999618530273,13.600000381469727,
-15.399999618530273,13.5,
-15.399999618530273,13.399999618530273,
-15.399999618530273,13.300000190734863,45.422222222222224
-15.399999618530273,13.199999809265137,44.26031746031746
-15.399999618530273,13.100000381469727,43.32380952380952
-15.399999618530273,13.0,42.42380952380953
-15.399999618530273,12.899999618530273,41.990476190476194
-15.399999618530273,12.800000190734863,41.74444444444445
-15.399999618530273,12.699999809265137,40.96507936507936
-15.399999618530273,12.600000381469727,39.901587301587305
-15.399999618530273,12.5,
-15.399999618530273,12.399999618530273,
-15.300000190734863,16.600000381469727,
-15.300000190734863,16.5,100.67301587301587
-15.300000190734863,16.399999618530273,98.65396825396824
-15.300000190734863,16.299999237060547,96.72063492063491
-15.300000190734863,16.200000762939453,93.30317460317461
-15.300000190734863,16.100000381469727,91.65396825396826
-15.300000190734863,16.0,90.04920634920636
-15.300000190734863,15.899999618530273,88.9888888888889
-15.300000190734863,15.800000190734863,86.76984126984128
-15.300000190734863,15.699999809265137,84.33015873015873
-15.300000190734863,15.600000381469727,82.65238095238097
-15.300000190734863,15.5,80.79841269841269
-15.300000190734863,15.399999618530273,79.35555555555555
-15.300000190734863,15.300000190734863,76.63650793650793
-15.300000190734863,15.199999809265137,72.81587301587302
-15.300000190734863,15.100000381469727,71.28253968253968
-15.300000190734863,15.0,69.20158730158731
-15.300000190734863,14.899999618530273,67.02857142857142
-15.300000190734863,14.800000190734863,65.71428571428571
-15.300000190734863,14.699999809265137,64.58095238095237
-15.300000190734863,14.600000381469727,63.149206349206345
-15.300000190734863,14.5,62.03174603174604
-15.300000190734863,14.399999618530273,59.22698412698413
-15.300000190734863,14.300000190734863,57.874603174603166
-15.300000190734863,14.199999809265137,56.290476190476184
-15.300000190734863,14.100000381469727,54.5095238095238
-15.300000190734863,14.0,53.00634920634921
-15.300000190734863,13.899999618530273,51.88095238095238
-15.300000190734863,13.800000190734863,50.82380952380951
-15.300000190734863,13.699999809265137,
-15.300000190734863,13.600000381469727,
-15.300000190734863,13.5,
-15.300000190734863,13.399999618530273,
-15.300000190734863,13.300000190734863,44.64126984126983
-15.300000190734863,13.199999809265137,43.455555555555556
-15.300000190734863,13.100000381469727,42.420634920634924
-15.300000190734863,13.0,41.89047619047619
-15.300000190734863,12.899999618530273,41.43968253968254
-15.300000190734863,12.800000190734863,41.04920634920635
-15.300000190734863,12.699999809265137,40.026984126984125
-15.300000190734863,12.600000381469727,
-15.300000190734863,12.5,
-15.300000190734863,12.399999618530273,
-15.199999809265137,16.600000381469727,
-15.199999809265137,16.5,100.45714285714286
-15.199999809265137,16.399999618530273,98.17142857142859
-15.199999809265137,16.299999237060547,96.31746031746032
-15.199999809265137,16.200000762939453,93.32539682539682
-15.199999809265137,16.100000381469727,91.56984126984128
-15.199999809265137,16.0,89.58730158730161
-15.199999809265137,15.899999618530273,88.52063492063492
-15.199999809265137,15.800000190734863,86.77142857142857
-15.199999809265137,15.699999809265137,84.49365079365079
-15.199999809265137,15.600000381469727,82.5936507936508
-15.199999809265137,15.5,80.34444444444446
-15.199999809265137,15.399999618530273,78.97777777777779
-15.199999809265137,15.300000190734863,76.26825396825397
-15.199999809265137,15.199999809265137,72.73492063492064
-15.199999809265137,15.100000381469727,70.75396825396825
-15.199999809265137,15.0,68.60634920634922
-15.199999809265137,14.899999618530273,66.76190476190474
-15.199999809265137,14.800000190734863,65.5063492063492
-15.199999809265137,14.699999809265137,64.01746031746032
-15.199999809265137,14.600000381469727,62.80793650793651
-15.199999809265137,14.5,61.54761904761906
-15.199999809265137,14.399999618530273,59.13174603174603
-15.199999809265137,14.300000190734863,57.04444444444444
-15.199999809265137,14.199999809265137,55.79999999999999
-15.199999809265137,14.100000381469727,54.23650793650793
-15.199999809265137,14.0,52.5095238095238
-15.199999809265137,13.899999618530273,51.51111111111111
-15.199999809265137,13.800000190734863,50.48412698412697
-15.199999809265137,13.699999809265137,
-15.199999809265137,13.600000381469727,
-15.199999809265137,13.5,45.925396825396824
-15.199999809265137,13.399999618530273,44.71428571428572
-15.199999809265137,13.300000190734863,43.77142857142859
-15.199999809265137,13.199999809265137,42.69365079365079
-15.199999809265137,13.100000381469727,41.82222222222222
-15.199999809265137,13.0,40.99841269841269
-15.199999809265137,12.899999618530273,40.56507936507936
-15.199999809265137,12.800000190734863,40.08412698412698
-15.199999809265137,12.699999809265137,39.041269841269845
-15.199999809265137,12.600000381469727,
-15.199999809265137,12.5,
-15.199999809265137,12.399999618530273,
-15.100000381469727,16.600000381469727,
-15.100000381469727,16.5,99.64761904761905
-15.100000381469727,16.399999618530273,97.47619047619047
-15.100000381469727,16.299999237060547,96.04603174603174
-15.100000381469727,16.200000762939453,93.56666666666666
-15.100000381469727,16.100000381469727,90.58412698412698
-15.100000381469727,16.0,88.5936507936508
-15.100000381469727,15.899999618530273,87.85396825396825
-15.100000381469727,15.800000190734863,86.14603174603172
-15.100000381469727,15.699999809265137,83.83492063492064
-15.100000381469727,15.600000381469727,82.29682539682538
-15.100000381469727,15.5,79.47460317460317
-15.100000381469727,15.399999618530273,77.81904761904762
-15.100000381469727,15.300000190734863,74.84126984126985
-15.100000381469727,15.199999809265137,71.92857142857143
-15.100000381469727,15.100000381469727,69.74285714285713
-15.100000381469727,15.0,68.19523809523808
-15.100000381469727,14.899999618530273,66.03492063492065
-15.100000381469727,14.800000190734863,64.52698412698412
-15.100000381469727,14.699999809265137,63.08095238095238
-15.100000381469727,14.600000381469727,61.519047619047626
-15.100000381469727,14.5,60.831746031746036
-15.100000381469727,14.399999618530273,58.403174603174605
-15.100000381469727,14.300000190734863,56.30793650793651
-15.100000381469727,14.199999809265137,54.793650793650784
-15.100000381469727,14.100000381469727,53.392063492063485
-15.100000381469727,14.0,52.36825396825397
-15.100000381469727,13.899999618530273,51.288888888888884
-15.100000381469727,13.800000190734863,
-15.100000381469727,13.699999809265137,
-15.100000381469727,13.600000381469727,
-15.100000381469727,13.5,45.403174603174605
-15.100000381469727,13.399999618530273,43.833333333333336
-15.100000381469727,13.300000190734863,42.925396825396824
-15.100000381469727,13.199999809265137,41.99523809523809
-15.100000381469727,13.100000381469727,41.14920634920635
-15.100000381469727,13.0,40.50000000000001
-15.100000381469727,12.899999618530273,39.547619047619044
-15.100000381469727,12.800000190734863,39.19999999999999
-15.100000381469727,12.699999809265137,38.53809523809524
-15.100000381469727,12.600000381469727,
-15.100000381469727,12.5,
-15.100000381469727,12.399999618530273,
-15.0,16.600000381469727,101.98571428571428
-15.0,16.5,99.27777777777776
-15.0,16.399999618530273,97.3015873015873
-15.0,16.299999237060547,95.95714285714287
-15.0,16.200000762939453,93.35555555555555
-15.0,16.100000381469727,90.31746031746032
-15.0,16.0,88.51746031746032
-15.0,15.899999618530273,87.26031746031747
-15.0,15.800000190734863,85.36984126984127
-15.0,15.699999809265137,83.18571428571428
-15.0,15.600000381469727,82.01587301587303
-15.0,15.5,79.4984126984127
-15.0,15.399999618530273,77.1015873015873
-15.0,15.300000190734863,74.23650793650796
-15.0,15.199999809265137,71.29682539682541
-15.0,15.100000381469727,69.35873015873017
-15.0,15.0,67.8063492063492
-15.0,14.899999618530273,65.2015873015873
-15.0,14.800000190734863,64.06349206349208
-15.0,14.699999809265137,62.16984126984128
-15.0,14.600000381469727,60.71746031746032
-15.0,14.5,59.75555555555555
-15.0,14.399999618530273,57.56825396825397
-15.0,14.300000190734863,55.74603174603175
-15.0,14.199999809265137,54.34761904761905
-15.0,14.100000381469727,52.86825396825397
-15.0,14.0,51.96349206349206
-15.0,13.899999618530273,50.67460317460318
-15.0,13.800000190734863,
-15.0,13.699999809265137,
-15.0,13.600000381469727,
-15.0,13.5,
-15.0,13.399999618530273,43.75555555555556
-15.0,13.300000190734863,42.62380952380952
-15.0,13.199999809265137,41.7047619047619
-15.0,13.100000381469727,40.74285714285715
-15.0,13.0,40.061904761904756
-15.0,12.899999618530273,39.12063492063492
-15.0,12.800000190734863,38.546031746031744
-15.0,12.699999809265137,37.788888888888884
-15.0,12.600000381469727,
-15.0,12.5,
-15.0,12.399999618530273,
-14.899999618530273,16.600000381469727,101.0031746031746
-14.899999618530273,16.5,98.81428571428573
-14.899999618530273,16.399999618530273,96.65555555555555
-14.899999618530273,16.299999237060547,95.12857142857143
-14.899999618530273,16.200000762939453,93.07619047619048
-14.899999618530273,16.100000381469727,90.52857142857142
-14.899999618530273,16.0,88.73968253968253
-14.899999618530273,15.899999618530273,87.39365079365078
-14.899999618530273,15.800000190734863,85.22063492063492
-14.899999618530273,15.699999809265137,83.62063492063493
-14.899999618530273,15.600000381469727,82.23492063492063
-14.899999618530273,15.5,79.80476190476192
-14.899999618530273,15.399999618530273,76.94603174603175
-14.899999618530273,15.300000190734863,74.17301587301587
-14.899999618530273,15.199999809265137,71.24761904761905
-14.899999618530273,15.100000381469727,69.16507936507938
-14.899999618530273,15.0,67.48730158730157
-14.899999618530273,14.899999618530273,64.9904761904762
-14.899999618530273,14.800000190734863,63.7015873015873
-14.899999618530273,14.699999809265137,61.77460317460317
-14.899999618530273,14.600000381469727,60.212698412698415
-14.899999618530273,14.5,59.05714285714286
-14.899999618530273,14.399999618530273,57.157142857142865
-14.899999618530273,14.300000190734863,55.61111111111111
-14.899999618530273,14.199999809265137,53.9968253968254
-14.899999618530273,14.100000381469727,52.48888888888889
-14.899999618530273,14.0,51.48095238095239
-14.899999618530273,13.899999618530273,50.54761904761906
-14.899999618530273,13.800000190734863,48.69206349206349
-14.899999618530273,13.699999809265137,
-14.899999618530273,13.600000381469727,
-14.899999618530273,13.5,
-14.899999618530273,13.399999618530273,43.67777777777778
-14.899999618530273,13.300000190734863,42.473015873015875
-14.899999618530273,13.199999809265137,41.38730158730158
-14.899999618530273,13.100000381469727,40.43492063492064
-14.899999618530273,13.0,39.76190476190476
-14.899999618530273,12.899999618530273,38.649206349206345
-14.899999618530273,12.800000190734863,38.196825396825396
-14.899999618530273,12.699999809265137,37.019047619047626
-14.899999618530273,12.600000381469727,
-14.899999618530273,12.5,
-14.899999618530273,12.399999618530273,
-14.800000190734863,16.600000381469727,99.88571428571429
-14.800000190734863,16.5,97.73968253968253
-14.800000190734863,16.399999618530273,95.85873015873014
-14.800000190734863,16.299999237060547,94.41587301587303
-14.800000190734863,16.200000762939453,92.56825396825397
-14.800000190734863,16.100000381469727,90.52380952380952
-14.800000190734863,16.0,88.3952380952381
-14.800000190734863,15.899999618530273,86.93333333333334
-14.800000190734863,15.800000190734863,84.5047619047619
-14.800000190734863,15.699999809265137,82.58253968253969
-14.800000190734863,15.600000381469727,81.12857142857142
-14.800000190734863,15.5,78.84444444444446
-14.800000190734863,15.399999618530273,76.31269841269842
-14.800000190734863,15.300000190734863,73.57301587301588
-14.800000190734863,15.199999809265137,70.36507936507937
-14.800000190734863,15.100000381469727,68.5111111111111
-14.800000190734863,15.0,66.69682539682539
-14.800000190734863,14.899999618530273,64.13492063492063
-14.800000190734863,14.800000190734863,62.59365079365078
-14.800000190734863,14.699999809265137,60.971428571428575
-14.800000190734863,14.600000381469727,59.05714285714286
-14.800000190734863,14.5,58.25238095238095
-14.800000190734863,14.399999618530273,55.95714285714286
-14.800000190734863,14.300000190734863,54.43650793650794
-14.800000190734863,14.199999809265137,53.288888888888884
-14.800000190734863,14.100000381469727,51.75555555555555
-14.800000190734863,14.0,50.54761904761906
-14.800000190734863,13.899999618530273,49.08095238095238
-14.800000190734863,13.800000190734863,47.606349206349215
-14.800000190734863,13.699999809265137,
-14.800000190734863,13.600000381469727,
-14.800000190734863,13.5,
-14.800000190734863,13.399999618530273,42.94603174603175
-14.800000190734863,13.300000190734863,42.06031746031746
-14.800000190734863,13.199999809265137,40.75238095238096
-14.800000190734863,13.100000381469727,40.17777777777777
-14.800000190734863,13.0,39.27460317460317
-14.800000190734863,12.899999618530273,38.2047619047619
-14.800000190734863,12.800000190734863,37.55396825396826
-14.800000190734863,12.699999809265137,36.712698412698415
-14.800000190734863,12.600000381469727,
-14.800000190734863,12.5,
-14.800000190734863,12.399999618530273,
-14.699999809265137,16.600000381469727,99.77777777777776
-14.699999809265137,16.5,97.87777777777777
-14.699999809265137,16.399999618530273,95.84285714285713
-14.699999809265137,16.299999237060547,94.64603174603175
-14.699999809265137,16.200000762939453,93.0031746031746
-14.699999809265137,16.100000381469727,90.79523809523808
-14.699999809265137,16.0,88.56666666666668
-14.699999809265137,15.899999618530273,86.78253968253969
-14.699999809265137,15.800000190734863,84.08571428571426
-14.699999809265137,15.699999809265137,81.67936507936507
-14.699999809265137,15.600000381469727,80.66825396825396
-14.699999809265137,15.5,77.97301587301588
-14.699999809265137,15.399999618530273,76.27142857142857
-14.699999809265137,15.300000190734863,73.5952380952381
-14.699999809265137,15.199999809265137,70.61746031746033
-14.699999809265137,15.100000381469727,68.38095238095238
-14.699999809265137,15.0,66.44444444444443
-14.699999809265137,14.899999618530273,63.86825396825397
-14.699999809265137,14.800000190734863,62.32063492063492
-14.699999809265137,14.699999809265137,60.101587301587294
-14.699999809265137,14.600000381469727,58.666666666666664
-14.699999809265137,14.5,57.56666666666665
-14.699999809265137,14.399999618530273,55.42222222222223
-14.699999809265137,14.300000190734863,53.54444444444444
-14.699999809265137,14.199999809265137,52.51111111111111
-14.699999809265137,14.100000381469727,51.08571428571428
-14.699999809265137,14.0,49.152380952380945
-14.699999809265137,13.899999618530273,48.08095238095238
-14.699999809265137,13.800000190734863,46.86349206349206
-14.699999809265137,13.699999809265137,46.14126984126984
-14.699999809265137,13.600000381469727,
-14.699999809265137,13.5,
-14.699999809265137,13.399999618530273,
-14.699999809265137,13.300000190734863,41.303174603174604
-14.699999809265137,13.199999809265137,40.44603174603175
-14.699999809265137,13.100000381469727,39.647619047619045
-14.699999809265137,13.0,38.65555555555555
-14.699999809265137,12.899999618530273,37.86031746031746
-14.699999809265137,12.800000190734863,37.14920634920635
-14.699999809265137,12.699999809265137,36.396825396825406
-14.699999809265137,12.600000381469727,
-14.699999809265137,12.5,
-14.699999809265137,12.399999618530273,
-14.600000381469727,16.600000381469727,99.22698412698414
-14.600000381469727,16.5,97.64444444444445
-14.600000381469727,16.399999618530273,95.94920634920635
-14.600000381469727,16.299999237060547,94.7015873015873
-14.600000381469727,16.200000762939453,92.86666666666667
-14.600000381469727,16.100000381469727,89.66666666666667
-14.600000381469727,16.0,87.55714285714286
-14.600000381469727,15.899999618530273,85.8904761904762
-14.600000381469727,15.800000190734863,83.47142857142856
-14.600000381469727,15.699999809265137,81.36666666666665
-14.600000381469727,15.600000381469727,79.81904761904761
-14.600000381469727,15.5,77.55714285714286
-14.600000381469727,15.399999618530273,75.83015873015873
-14.600000381469727,15.300000190734863,72.77142857142856
-14.600000381469727,15.199999809265137,70.33968253968253
-14.600000381469727,15.100000381469727,68.24761904761905
-14.600000381469727,15.0,66.32222222222224
-14.600000381469727,14.899999618530273,63.95873015873018
-14.600000381469727,14.800000190734863,61.661904761904765
-14.600000381469727,14.699999809265137,59.766666666666666
-14.600000381469727,14.600000381469727,57.914285714285704
-14.600000381469727,14.5,57.15079365079365
-14.600000381469727,14.399999618530273,55.18253968253969
-14.600000381469727,14.300000190734863,53.531746031746025
-14.600000381469727,14.199999809265137,52.184126984126976
-14.600000381469727,14.100000381469727,50.25555555555556
-14.600000381469727,14.0,48.92222222222223
-14.600000381469727,13.899999618530273,47.480952380952374
-14.600000381469727,13.800000190734863,46.24126984126985
-14.600000381469727,13.699999809265137,45.64920634920636
-14.600000381469727,13.600000381469727,
-14.600000381469727,13.5,
-14.600000381469727,13.399999618530273,
-14.600000381469727,13.300000190734863,41.331746031746036
-14.600000381469727,13.199999809265137,40.06349206349206
-14.600000381469727,13.100000381469727,39.3095238095238
-14.600000381469727,13.0,38.36349206349206
-14.600000381469727,12.899999618530273,37.27301587301587
-14.600000381469727,12.800000190734863,36.96349206349206
-14.600000381469727,12.699999809265137,36.02698412698412
-14.600000381469727,12.600000381469727,
-14.600000381469727,12.5,
-14.600000381469727,12.399999618530273,
-14.5,16.600000381469727,98.5142857142857
-14.5,16.5,97.15238095238095
-14.5,16.399999618530273,95.58095238095237
-14.5,16.299999237060547,93.97142857142856
-14.5,16.200000762939453,91.58888888888889
-14.5,16.100000381469727,88.86190476190475
-14.5,16.0,86.64761904761905
-14.5,15.899999618530273,85.45714285714287
-14.5,15.800000190734863,82.61904761904762
-14.5,15.699999809265137,80.53015873015873
-14.5,15.600000381469727,78.92698412698412
-14.5,15.5,76.98571428571428
-14.5,15.399999618530273,74.83968253968253
-14.5,15.300000190734863,71.83492063492065
-14.5,15.199999809265137,69.37142857142857
-14.5,15.100000381469727,67.58253968253969
-14.5,15.0,65.72380952380952
-14.5,14.899999618530273,63.025396825396825
-14.5,14.800000190734863,61.401587301587305
-14.5,14.699999809265137,59.19523809523809
-14.5,14.600000381469727,57.1952380952381
-14.5,14.5,56.184126984126976
-14.5,14.399999618530273,54.76031746031745
-14.5,14.300000190734863,53.07142857142857
-14.5,14.199999809265137,51.463492063492055
-14.5,14.100000381469727,49.715873015873015
-14.5,14.0,47.93809523809524
-14.5,13.899999618530273,46.55079365079365
-14.5,13.800000190734863,45.65238095238095
-14.5,13.699999809265137,44.855555555555554
-14.5,13.600000381469727,
-14.5,13.5,
-14.5,13.399999618530273,
-14.5,13.300000190734863,40.97777777777779
-14.5,13.199999809265137,39.95238095238095
-14.5,13.100000381469727,39.01428571428571
-14.5,13.0,38.01746031746032
-14.5,12.899999618530273,37.13492063492064
-14.5,12.800000190734863,36.476190476190474
-14.5,12.699999809265137,35.70476190476191
-14.5,12.600000381469727,
-14.5,12.5,
-14.5,12.399999618530273,
-14.399999618530273,16.600000381469727,98.22698412698416
-14.399999618530273,16.5,96.78888888888889
-14.399999618530273,16.399999618530273,94.95238095238095
-14.399999618530273,16.299999237060547,93.1873015873016
-14.399999618530273,16.200000762939453,90.92222222222223
-14.399999618530273,16.100000381469727,88.51269841269841
-14.399999618530273,16.0,86.61428571428571
-14.399999618530273,15.899999618530273,85.08253968253969
-14.399999618530273,15.800000190734863,82.65555555555554
-14.399999618530273,15.699999809265137,80.54285714285716
-14.399999618530273,15.600000381469727,78.98095238095239
-14.399999618530273,15.5,76.55714285714285
-14.399999618530273,15.399999618530273,74.2
-14.399999618530273,15.300000190734863,71.5063492063492
-14.399999618530273,15.199999809265137,69.35079365079365
-14.399999618530273,15.100000381469727,67.45873015873016
-14.399999618530273,15.0,65.37777777777777
-14.399999618530273,14.899999618530273,62.87460317460318
-14.399999618530273,14.800000190734863,60.90634920634919
-14.399999618530273,14.699999809265137,58.8015873015873
-14.399999618530273,14.600000381469727,56.461904761904755
-14.399999618530273,14.5,55.27142857142857
-14.399999618530273,14.399999618530273,53.684126984126976
-14.399999618530273,14.300000190734863,52.149206349206345
-14.399999618530273,14.199999809265137,50.62222222222222
-14.399999618530273,14.100000381469727,49.149206349206345
-14.399999618530273,14.0,47.3063492063492
-14.399999618530273,13.899999618530273,46.16984126984127
-14.399999618530273,13.800000190734863,45.17936507936507
-14.399999618530273,13.699999809265137,44.577777777777776
-14.399999618530273,13.600000381469727,44.17619047619048
-14.399999618530273,13.5,42.615873015873014
-14.399999618530273,13.399999618530273,
-14.399999618530273,13.300000190734863,
-14.399999618530273,13.199999809265137,39.6095238095238
-14.399999618530273,13.100000381469727,38.6873015873016
-14.399999618530273,13.0,37.69047619047619
-14.399999618530273,12.899999618530273,36.63174603174603
-14.399999618530273,12.800000190734863,36.02857142857143
-14.399999618530273,12.699999809265137,35.506349206349206
-14.399999618530273,12.600000381469727,
-14.399999618530273,12.5,
-14.399999618530273,12.399999618530273,
-14.300000190734863,16.600000381469727,
-14.300000190734863,16.5,96.26666666666667
-14.300000190734863,16.399999618530273,94.3047619047619
-14.300000190734863,16.299999237060547,92.34603174603174
-14.300000190734863,16.200000762939453,90.33174603174604
-14.300000190734863,16.100000381469727,88.25238095238096
-14.300000190734863,16.0,86.01746031746032
-14.300000190734863,15.899999618530273,84.14761904761906
-14.300000190734863,15.800000190734863,82.1031746031746
-14.300000190734863,15.699999809265137,80.16825396825395
-14.300000190734863,15.600000381469727,78.78253968253969
-14.300000190734863,15.5,76.29523809523809
-14.300000190734863,15.399999618530273,74.12857142857145
-14.300000190734863,15.300000190734863,71.76825396825396
-14.300000190734863,15.199999809265137,69.06984126984128
-14.300000190734863,15.100000381469727,66.83968253968254
-14.300000190734863,15.0,65.03333333333335
-14.300000190734863,14.899999618530273,62.44603174603173
-14.300000190734863,14.800000190734863,60.68095238095239
-14.300000190734863,14.699999809265137,58.23174603174603
-14.300000190734863,14.600000381469727,56.142857142857146
-14.300000190734863,14.5,54.834920634920636
-14.300000190734863,14.399999618530273,53.18730158730159
-14.300000190734863,14.300000190734863,51.36666666666668
-14.300000190734863,14.199999809265137,50.104761904761894
-14.300000190734863,14.100000381469727,48.64761904761904
-14.300000190734863,14.0,46.888888888888886
-14.300000190734863,13.899999618530273,45.96190476190476
-14.300000190734863,13.800000190734863,44.595238095238095
-14.300000190734863,13.699999809265137,43.93492063492064
-14.300000190734863,13.600000381469727,43.61746031746031
-14.300000190734863,13.5,42.04126984126984
-14.300000190734863,13.399999618530273,
-14.300000190734863,13.300000190734863,
-14.300000190734863,13.199999809265137,38.990476190476194
-14.300000190734863,13.100000381469727,38.266666666666666
-14.300000190734863,13.0,37.16507936507937
-14.300000190734863,12.899999618530273,36.35873015873016
-14.300000190734863,12.800000190734863,35.62222222222222
-14.300000190734863,12.699999809265137,35.090476190476195
-14.300000190734863,12.600000381469727,
-14.300000190734863,12.5,
-14.300000190734863,12.399999618530273,
-14.199999809265137,16.600000381469727,
-14.199999809265137,16.5,95.16984126984127
-14.199999809265137,16.399999618530273,92.87936507936509
-14.199999809265137,16.299999237060547,91.40952380952382
-14.199999809265137,16.200000762939453,89.27777777777777
-14.199999809265137,16.100000381469727,87.09365079365081
-14.199999809265137,16.0,84.55396825396826
-14.199999809265137,15.899999618530273,82.81269841269842
-14.199999809265137,15.800000190734863,80.96825396825396
-14.199999809265137,15.699999809265137,78.51587301587301
-14.199999809265137,15.600000381469727,77.6888888888889
-14.199999809265137,15.5,74.76190476190476
-14.199999809265137,15.399999618530273,73.03492063492064
-14.199999809265137,15.300000190734863,70.77142857142857
-14.199999809265137,15.199999809265137,67.9984126984127
-14.199999809265137,15.100000381469727,66.24285714285715
-14.199999809265137,15.0,64.38253968253969
-14.199999809265137,14.899999618530273,62.19206349206349
-14.199999809265137,14.800000190734863,60.31428571428571
-14.199999809265137,14.699999809265137,58.04126984126984
-14.199999809265137,14.600000381469727,55.68888888888889
-14.199999809265137,14.5,54.13492063492063
-14.199999809265137,14.399999618530273,52.126984126984134
-14.199999809265137,14.300000190734863,50.904761904761905
-14.199999809265137,14.199999809265137,49.62063492063493
-14.199999809265137,14.100000381469727,47.87777777777777
-14.199999809265137,14.0,46.46825396825397
-14.199999809265137,13.899999618530273,45.43650793650794
-14.199999809265137,13.800000190734863,44.438095238095244
-14.199999809265137,13.699999809265137,43.45873015873016
-14.199999809265137,13.600000381469727,42.91587301587302
-14.199999809265137,13.5,
-14.199999809265137,13.399999618530273,
-14.199999809265137,13.300000190734863,
-14.199999809265137,13.199999809265137,38.47936507936508
-14.199999809265137,13.100000381469727,37.53174603174603
-14.199999809265137,13.0,36.8015873015873
-14.199999809265137,12.899999618530273,35.87777777777778
-14.199999809265137,12.800000190734863,35.57460317460317
-14.199999809265137,12.699999809265137,34.87777777777778
-14.199999809265137,12.600000381469727,
-14.199999809265137,12.5,
-14.199999809265137,12.399999618530273,
-14.100000381469727,16.600000381469727,
-14.100000381469727,16.5,
-14.100000381469727,16.399999618530273,92.74285714285713
-14.100000381469727,16.299999237060547,91.3936507936508
-14.100000381469727,16.200000762939453,89.09206349206349
-14.100000381469727,16.100000381469727,86.73650793650793
-14.100000381469727,16.0,83.615873015873
-14.100000381469727,15.899999618530273,81.84285714285713
-14.100000381469727,15.800000190734863,80.34761904761906
-14.100000381469727,15.699999809265137,78.01746031746032
-14.100000381469727,15.600000381469727,76.94444444444444
-14.100000381469727,15.5,73.71904761904761
-14.100000381469727,15.399999618530273,72.11587301587302
-14.100000381469727,15.300000190734863,69.76825396825397
-14.100000381469727,15.199999809265137,67.66984126984127
-14.100000381469727,15.100000381469727,65.65396825396826
-14.100000381469727,15.0,64.0047619047619
-14.100000381469727,14.899999618530273,61.7
-14.100000381469727,14.800000190734863,60.00793650793651
-14.100000381469727,14.699999809265137,58.45238095238095
-14.100000381469727,14.600000381469727,55.50952380952382
-14.100000381469727,14.5,54.34920634920635
-14.100000381469727,14.399999618530273,52.328571428571436
-14.100000381469727,14.300000190734863,50.479365079365074
-14.100000381469727,14.199999809265137,49.095238095238095
-14.100000381469727,14.100000381469727,48.0015873015873
-14.100000381469727,14.0,46.407936507936505
-14.100000381469727,13.899999618530273,45.28730158730159
-14.100000381469727,13.800000190734863,44.217460317460315
-14.100000381469727,13.699999809265137,43.523809523809526
-14.100000381469727,13.600000381469727,42.96666666666667
-14.100000381469727,13.5,
-14.100000381469727,13.399999618530273,
-14.100000381469727,13.300000190734863,
-14.100000381469727,13.199999809265137,38.25555555555556
-14.100000381469727,13.100000381469727,37.43174603174604
-14.100000381469727,13.0,36.49047619047619
-14.100000381469727,12.899999618530273,35.75714285714286
-14.100000381469727,12.800000190734863,35.48095238095238
-14.100000381469727,12.699999809265137,34.593650793650795
-14.100000381469727,12.600000381469727,
-14.100000381469727,12.5,
-14.100000381469727,12.399999618530273,
-14.0,16.600000381469727,
-14.0,16.5,
-14.0,16.399999618530273,
-14.0,16.299999237060547,90.81269841269842
-14.0,16.200000762939453,88.96031746031747
-14.0,16.100000381469727,85.88253968253969
-14.0,16.0,83.26190476190476
-14.0,15.899999618530273,81.4920634920635
-14.0,15.800000190734863,79.22380952380952
-14.0,15.699999809265137,77.44761904761903
-14.0,15.600000381469727,76.04126984126984
-14.0,15.5,72.80952380952382
-14.0,15.399999618530273,71.61269841269842
-14.0,15.300000190734863,69.94285714285714
-14.0,15.199999809265137,66.96507936507935
-14.0,15.100000381469727,65.08095238095237
-14.0,15.0,63.32857142857142
-14.0,14.899999618530273,61.453968253968256
-14.0,14.800000190734863,59.53650793650794
-14.0,14.699999809265137,57.82380952380952
-14.0,14.600000381469727,55.32698412698411
-14.0,14.5,54.15714285714286
-14.0,14.399999618530273,52.358730158730154
-14.0,14.300000190734863,50.37777777777777
-14.0,14.199999809265137,49.079365079365076
-14.0,14.100000381469727,47.55396825396825
-14.0,14.0,46.292063492063505
-14.0,13.899999618530273,44.92063492063492
-14.0,13.800000190734863,43.980952380952374
-14.0,13.699999809265137,43.39523809523809
-14.0,13.600000381469727,42.65396825396825
-14.0,13.5,
-14.0,13.399999618530273,
-14.0,13.300000190734863,
-14.0,13.199999809265137,38.12539682539682
-14.0,13.100000381469727,37.17619047619048
-14.0,13.0,36.38253968253969
-14.0,12.899999618530273,35.60793650793651
-14.0,12.800000190734863,35.31111111111112
-14.0,12.699999809265137,34.07142857142857
-14.0,12.600000381469727,
-14.0,12.5,
-14.0,12.399999618530273,
-13.899999618530273,16.600000381469727,
-13.899999618530273,16.5,
-13.899999618530273,16.399999618530273,
-13.899999618530273,16.299999237060547,
-13.899999618530273,16.200000762939453,
-13.899999618530273,16.100000381469727,85.27619047619048
-13.899999618530273,16.0,82.50158730158729
-13.899999618530273,15.899999618530273,80.93650793650794
-13.899999618530273,15.800000190734863,78.53809523809524
-13.899999618530273,15.699999809265137,76.6873015873016
-13.899999618530273,15.600000381469727,74.64603174603174
-13.899999618530273,15.5,72.61111111111111
-13.899999618530273,15.399999618530273,71.38730158730158
-13.899999618530273,15.300000190734863,69.43650793650795
-13.899999618530273,15.199999809265137,66.56349206349206
-13.899999618530273,15.100000381469727,64.33650793650793
-13.899999618530273,15.0,62.480952380952374
-13.899999618530273,14.899999618530273,60.94603174603175
-13.899999618530273,14.800000190734863,59.42857142857143
-13.899999618530273,14.699999809265137,57.095238095238095
-13.899999618530273,14.600000381469727,55.23015873015875
-13.899999618530273,14.5,53.94920634920635
-13.899999618530273,14.399999618530273,51.73968253968255
-13.899999618530273,14.300000190734863,50.03333333333334
-13.899999618530273,14.199999809265137,48.49999999999999
-13.899999618530273,14.100000381469727,47.26190476190476
-13.899999618530273,14.0,45.953968253968256
-13.899999618530273,13.899999618530273,44.539682539682545
-13.899999618530273,13.800000190734863,43.68571428571429
-13.899999618530273,13.699999809265137,42.86507936507937
-13.899999618530273,13.600000381469727,42.2952380952381
-13.899999618530273,13.5,
-13.899999618530273,13.399999618530273,
-13.899999618530273,13.300000190734863,38.976190476190474
-13.899999618530273,13.199999809265137,37.95873015873017
-13.899999618530273,13.100000381469727,36.86349206349206
-13.899999618530273,13.0,35.80634920634922
-13.899999618530273,12.899999618530273,35.08412698412698
-13.899999618530273,12.800000190734863,34.46666666666667
-13.899999618530273,12.699999809265137,33.269841269841265
-13.899999618530273,12.600000381469727,
-13.899999618530273,12.5,
-13.899999618530273,12.399999618530273,
-13.800000190734863,16.600000381469727,
-13.800000190734863,16.5,
-13.800000190734863,16.399999618530273,
-13.800000190734863,16.299999237060547,
-13.800000190734863,16.200000762939453,
-13.800000190734863,16.100000381469727,84.6952380952381
-13.800000190734863,16.0,82.62222222222223
-13.800000190734863,15.899999618530273,80.57936507936509
-13.800000190734863,15.800000190734863,78.54126984126985
-13.800000190734863,15.699999809265137,76.30000000000001
-13.800000190734863,15.600000381469727,74.95714285714286
-13.800000190734863,15.5,72.4857142857143
-13.800000190734863,15.399999618530273,71.14444444444445
-13.800000190734863,15.300000190734863,69.1952380952381
-13.800000190734863,15.199999809265137,66.2047619047619
-13.800000190734863,15.100000381469727,64.29523809523809
-13.800000190734863,15.0,62.75079365079365
-13.800000190734863,14.899999618530273,60.82063492063492
-13.800000190734863,14.800000190734863,59.379365079365094
-13.800000190734863,14.699999809265137,57.285714285714285
-13.800000190734863,14.600000381469727,55.47460317460317
-13.800000190734863,14.5,53.709523809523816
-13.800000190734863,14.399999618530273,51.38730158730158
-13.800000190734863,14.300000190734863,49.74603174603175
-13.800000190734863,14.199999809265137,48.6015873015873
-13.800000190734863,14.100000381469727,47.24920634920635
-13.800000190734863,14.0,45.926984126984124
-13.800000190734863,13.899999618530273,44.560317460317464
-13.800000190734863,13.800000190734863,43.504761904761914
-13.800000190734863,13.699999809265137,42.958730158730155
-13.800000190734863,13.600000381469727,42.17460317460317
-13.800000190734863,13.5,40.314285714285724
-13.800000190734863,13.399999618530273,
-13.800000190734863,13.300000190734863,38.82539682539682
-13.800000190734863,13.199999809265137,37.66349206349206
-13.800000190734863,13.100000381469727,36.77936507936508
-13.800000190734863,13.0,35.46825396825396
-13.800000190734863,12.899999618530273,34.71587301587302
-13.800000190734863,12.800000190734863,34.057142857142864
-13.800000190734863,12.699999809265137,32.84920634920635
-13.800000190734863,12.600000381469727,
-13.800000190734863,12.5,
-13.800000190734863,12.399999618530273,
-13.699999809265137,16.600000381469727,
-13.699999809265137,16.5,
-13.699999809265137,16.399999618530273,
-13.699999809265137,16.299999237060547,
-13.699999809265137,16.200000762939453,
-13.699999809265137,16.100000381469727,84.4920634920635
-13.699999809265137,16.0,82.11587301587299
-13.699999809265137,15.899999618530273,80.38253968253969
-13.699999809265137,15.800000190734863,78.46825396825396
-13.699999809265137,15.699999809265137,76.06190476190477
-13.699999809265137,15.600000381469727,74.5
-13.699999809265137,15.5,72.24126984126983
-13.699999809265137,15.399999618530273,70.53492063492062
-13.699999809265137,15.300000190734863,68.4031746031746
-13.699999809265137,15.199999809265137,65.74920634920635
-13.699999809265137,15.100000381469727,63.668253968253964
-13.699999809265137,15.0,61.955555555555556
-13.699999809265137,14.899999618530273,60.346031746031734
-13.699999809265137,14.800000190734863,58.56825396825397
-13.699999809265137,14.699999809265137,56.815873015873024
-13.699999809265137,14.600000381469727,54.26031746031746
-13.699999809265137,14.5,53.4904761904762
-13.699999809265137,14.399999618530273,50.63492063492063
-13.699999809265137,14.300000190734863,49.339682539682535
-13.699999809265137,14.199999809265137,47.97777777777778
-13.699999809265137,14.100000381469727,46.7952380952381
-13.699999809265137,14.0,45.769841269841265
-13.699999809265137,13.899999618530273,44.2047619047619
-13.699999809265137,13.800000190734863,43.477777777777774
-13.699999809265137,13.699999809265137,42.18888888888889
-13.699999809265137,13.600000381469727,41.51904761904762
-13.699999809265137,13.5,40.18412698412698
-13.699999809265137,13.399999618530273,39.15873015873016
-13.699999809265137,13.300000190734863,38.31746031746032
-13.699999809265137,13.199999809265137,37.00793650793651
-13.699999809265137,13.100000381469727,36.249206349206354
-13.699999809265137,13.0,35.0984126984127
-13.699999809265137,12.899999618530273,34.21111111111111
-13.699999809265137,12.800000190734863,33.27460317460317
-13.699999809265137,12.699999809265137,32.28095238095238
-13.699999809265137,12.600000381469727,
-13.699999809265137,12.5,
-13.699999809265137,12.399999618530273,
-13.600000381469727,16.600000381469727,
-13.600000381469727,16.5,
-13.600000381469727,16.399999618530273,
-13.600000381469727,16.299999237060547,
-13.600000381469727,16.200000762939453,
-13.600000381469727,16.100000381469727,84.3111111111111
-13.600000381469727,16.0,82.3936507936508
-13.600000381469727,15.899999618530273,81.02063492063492
-13.600000381469727,15.800000190734863,79.02063492063492
-13.600000381469727,15.699999809265137,76.41428571428571
-13.600000381469727,15.600000381469727,74.46349206349207
-13.600000381469727,15.5,71.81746031746032
-13.600000381469727,15.399999618530273,69.69523809523811
-13.600000381469727,15.300000190734863,67.35079365079365
-13.600000381469727,15.199999809265137,64.58412698412698
-13.600000381469727,15.100000381469727,63.05079365079365
-13.600000381469727,15.0,61.73650793650794
-13.600000381469727,14.899999618530273,59.842857142857135
-13.600000381469727,14.800000190734863,58.226984126984135
-13.600000381469727,14.699999809265137,56.39523809523809
-13.600000381469727,14.600000381469727,53.844444444444456
-13.600000381469727,14.5,52.94126984126984
-13.600000381469727,14.399999618530273,50.60952380952381
-13.600000381469727,14.300000190734863,49.06984126984127
-13.600000381469727,14.199999809265137,48.041269841269845
-13.600000381469727,14.100000381469727,46.820634920634916
-13.600000381469727,14.0,45.27619047619048
-13.600000381469727,13.899999618530273,44.33015873015873
-13.600000381469727,13.800000190734863,43.300000000000004
-13.600000381469727,13.699999809265137,42.23968253968253
-13.600000381469727,13.600000381469727,41.15079365079365
-13.600000381469727,13.5,39.96031746031747
-13.600000381469727,13.399999618530273,39.31904761904761
-13.600000381469727,13.300000190734863,38.31428571428571
-13.600000381469727,13.199999809265137,36.833333333333336
-13.600000381469727,13.100000381469727,35.59682539682541
-13.600000381469727,13.0,34.80793650793651
-13.600000381469727,12.899999618530273,33.75238095238095
-13.600000381469727,12.800000190734863,33.142857142857146
-13.600000381469727,12.699999809265137,31.974603174603175
-13.600000381469727,12.600000381469727,
-13.600000381469727,12.5,
-13.600000381469727,12.399999618530273,
-13.5,16.600000381469727,
-13.5,16.5,
-13.5,16.399999618530273,
-13.5,16.299999237060547,
-13.5,16.200000762939453,
-13.5,16.100000381469727,
-13.5,16.0,82.03174603174602
-13.5,15.899999618530273,80.8111111111111
-13.5,15.800000190734863,78.88253968253967
-13.5,15.699999809265137,76.70952380952379
-13.5,15.600000381469727,74.14444444444445
-13.5,15.5,71.06984126984126
-13.5,15.399999618530273,68.9904761904762
-13.5,15.300000190734863,66.96825396825396
-13.5,15.199999809265137,63.973015873015875
-13.5,15.100000381469727,62.65396825396825
-13.5,15.0,61.2
-13.5,14.899999618530273,59.649206349206345
-13.5,14.800000190734863,58.479365079365074
-13.5,14.699999809265137,55.977777777777774
-13.5,14.600000381469727,53.3015873015873
-13.5,14.5,52.353968253968254
-13.5,14.399999618530273,50.4920634920635
-13.5,14.300000190734863,48.973015873015875
-13.5,14.199999809265137,48.077777777777776
-13.5,14.100000381469727,46.15238095238095
-13.5,14.0,44.93809523809523
-13.5,13.899999618530273,44.22222222222222
-13.5,13.800000190734863,42.666666666666664
-13.5,13.699999809265137,41.60952380952381
-13.5,13.600000381469727,40.90634920634921
-13.5,13.5,39.4063492063492
-13.5,13.399999618530273,38.83968253968254
-13.5,13.300000190734863,37.650793650793645
-13.5,13.199999809265137,36.44920634920635
-13.5,13.100000381469727,35.46825396825397
-13.5,13.0,34.887301587301586
-13.5,12.899999618530273,33.63968253968254
-13.5,12.800000190734863,32.958730158730155
-13.5,12.699999809265137,31.77619047619048
-13.5,12.600000381469727,
-13.5,12.5,
-13.5,12.399999618530273,
-13.399999618530273,16.600000381469727,
-13.399999618530273,16.5,
-13.399999618530273,16.399999618530273,
-13.399999618530273,16.299999237060547,
-13.399999618530273,16.200000762939453,
-13.399999618530273,16.100000381469727,
-13.399999618530273,16.0,81.53333333333335
-13.399999618530273,15.899999618530273,80.14444444444446
-13.399999618530273,15.800000190734863,77.77460317460316
-13.399999618530273,15.699999809265137,75.96190476190478
-13.399999618530273,15.600000381469727,74.0047619047619
-13.399999618530273,15.5,70.75079365079365
-13.399999618530273,15.399999618530273,68.71904761904763
-13.399999618530273,15.300000190734863,66.45555555555556
-13.399999618530273,15.199999809265137,63.480952380952374
-13.399999618530273,15.100000381469727,62.330158730158736
-13.399999618530273,15.0,60.62857142857143
-13.399999618530273,14.899999618530273,59.028571428571425
-13.399999618530273,14.800000190734863,57.41428571428572
-13.399999618530273,14.699999809265137,55.23809523809525
-13.399999618530273,14.600000381469727,52.842857142857156
-13.399999618530273,14.5,51.61269841269842
-13.399999618530273,14.399999618530273,49.7015873015873
-13.399999618530273,14.300000190734863,48.65079365079365
-13.399999618530273,14.199999809265137,46.81587301587301
-13.399999618530273,14.100000381469727,45.39682539682539
-13.399999618530273,14.0,44.5063492063492
-13.399999618530273,13.899999618530273,43.38730158730159
-13.399999618530273,13.800000190734863,42.466666666666676
-13.399999618530273,13.699999809265137,41.025396825396825
-13.399999618530273,13.600000381469727,40.57619047619048
-13.399999618530273,13.5,39.51269841269841
-13.399999618530273,13.399999618530273,38.236507936507934
-13.399999618530273,13.300000190734863,36.91587301587302
-13.399999618530273,13.199999809265137,35.78571428571428
-13.399999618530273,13.100000381469727,35.34920634920635
-13.399999618530273,13.0,34.27460317460317
-13.399999618530273,12.899999618530273,33.67619047619048
-13.399999618530273,12.800000190734863,32.5031746031746
-13.399999618530273,12.699999809265137,31.31111111111111
-13.399999618530273,12.600000381469727,
-13.399999618530273,12.5,
-13.399999618530273,12.399999618530273,
-13.300000190734863,16.600000381469727,
-13.300000190734863,16.5,
-13.300000190734863,16.399999618530273,
-13.300000190734863,16.299999237060547,
-13.300000190734863,16.200000762939453,
-13.300000190734863,16.100000381469727,
-13.300000190734863,16.0,
-13.300000190734863,15.899999618530273,
-13.300000190734863,15.800000190734863,77.61269841269842
-13.300000190734863,15.699999809265137,75.20476190476191
-13.300000190734863,15.600000381469727,73.88571428571429
-13.300000190734863,15.5,71.15238095238095
-13.300000190734863,15.399999618530273,68.83015873015874
-13.300000190734863,15.300000190734863,66.4920634920635
-13.300000190734863,15.199999809265137,63.63333333333332
-13.300000190734863,15.100000381469727,61.51111111111111
-13.300000190734863,15.0,59.684126984126976
-13.300000190734863,14.899999618530273,57.93968253968254
-13.300000190734863,14.800000190734863,56.97301587301587
-13.300000190734863,14.699999809265137,55.21746031746032
-13.300000190734863,14.600000381469727,52.788888888888884
-13.300000190734863,14.5,51.48730158730159
-13.300000190734863,14.399999618530273,49.7031746031746
-13.300000190734863,14.300000190734863,47.646031746031746
-13.300000190734863,14.199999809265137,45.8095238095238
-13.300000190734863,14.100000381469727,44.7
-13.300000190734863,14.0,43.94285714285714
-13.300000190734863,13.899999618530273,42.976190476190474
-13.300000190734863,13.800000190734863,41.82539682539683
-13.300000190734863,13.699999809265137,41.30317460317459
-13.300000190734863,13.600000381469727,40.84761904761905
-13.300000190734863,13.5,39.130158730158726
-13.300000190734863,13.399999618530273,37.77777777777778
-13.300000190734863,13.300000190734863,36.54761904761905
-13.300000190734863,13.199999809265137,35.831746031746036
-13.300000190734863,13.100000381469727,35.115873015873014
-13.300000190734863,13.0,34.03650793650794
-13.300000190734863,12.899999618530273,33.10952380952381
-13.300000190734863,12.800000190734863,32.08095238095238
-13.300000190734863,12.699999809265137,30.87301587301588
-13.300000190734863,12.600000381469727,
-13.300000190734863,12.5,
-13.300000190734863,12.399999618530273,
-13.199999809265137,16.600000381469727,
-13.199999809265137,16.5,
-13.199999809265137,16.399999618530273,
-13.199999809265137,16.299999237060547,
-13.199999809265137,16.200000762939453,
-13.199999809265137,16.100000381469727,
-13.199999809265137,16.0,
-13.199999809265137,15.899999618530273,
-13.199999809265137,15.800000190734863,
-13.199999809265137,15.699999809265137,
-13.199999809265137,15.600000381469727,73.5079365079365
-13.199999809265137,15.5,70.60952380952381
-13.199999809265137,15.399999618530273,68.85555555555554
-13.199999809265137,15.300000190734863,66.68730158730158
-13.199999809265137,15.199999809265137,63.34285714285714
-13.199999809265137,15.100000381469727,61.37777777777777
-13.199999809265137,15.0,59.03650793650794
-13.199999809265137,14.899999618530273,57.41269841269842
-13.199999809265137,14.800000190734863,56.60476190476191
-13.199999809265137,14.699999809265137,54.59841269841271
-13.199999809265137,14.600000381469727,52.68888888888889
-13.199999809265137,14.5,51.73333333333333
-13.199999809265137,14.399999618530273,49.284126984126985
-13.199999809265137,14.300000190734863,47.26825396825397
-13.199999809265137,14.199999809265137,45.663492063492065
-13.199999809265137,14.100000381469727,44.53015873015873
-13.199999809265137,14.0,43.34285714285714
-13.199999809265137,13.899999618530273,42.528571428571425
-13.199999809265137,13.800000190734863,41.57619047619047
-13.199999809265137,13.699999809265137,41.142857142857146
-13.199999809265137,13.600000381469727,40.863492063492075
-13.199999809265137,13.5,38.51111111111111
-13.199999809265137,13.399999618530273,36.953968253968256
-13.199999809265137,13.300000190734863,36.09206349206348
-13.199999809265137,13.199999809265137,35.37777777777778
-13.199999809265137,13.100000381469727,34.95873015873016
-13.199999809265137,13.0,33.422222222222224
-13.199999809265137,12.899999618530273,32.304761904761904
-13.199999809265137,12.800000190734863,31.449206349206346
-13.199999809265137,12.699999809265137,30.14603174603175
-13.199999809265137,12.600000381469727,
-13.199999809265137,12.5,
-13.199999809265137,12.399999618530273,
-13.100000381469727,16.600000381469727,
-13.100000381469727,16.5,
-13.100000381469727,16.399999618530273,
-13.100000381469727,16.299999237060547,
-13.100000381469727,16.200000762939453,
-13.100000381469727,16.100000381469727,
-13.100000381469727,16.0,
-13.100000381469727,15.899999618530273,
-13.100000381469727,15.800000190734863,
-13.100000381469727,15.699999809265137,
-13.100000381469727,15.600000381469727,
-13.100000381469727,15.5,
-13.100000381469727,15.399999618530273,68.2904761904762
-13.100000381469727,15.300000190734863,66.12857142857142
-13.100000381469727,15.199999809265137,63.28095238095237
-13.100000381469727,15.100000381469727,61.2936507936508
-13.100000381469727,15.0,59.017460317460326
-13.100000381469727,14.899999618530273,56.94603174603174
-13.100000381469727,14.800000190734863,55.83333333333332
-13.100000381469727,14.699999809265137,53.619047619047606
-13.100000381469727,14.600000381469727,52.10476190476191
-13.100000381469727,14.5,50.61904761904762
-13.100000381469727,14.399999618530273,48.65396825396825
-13.100000381469727,14.300000190734863,46.75555555555556
-13.100000381469727,14.199999809265137,45.53015873015873
-13.100000381469727,14.100000381469727,44.59206349206348
-13.100000381469727,14.0,43.34920634920634
-13.100000381469727,13.899999618530273,42.22222222222223
-13.100000381469727,13.800000190734863,41.519047619047626
-13.100000381469727,13.699999809265137,41.1095238095238
-13.100000381469727,13.600000381469727,40.59365079365079
-13.100000381469727,13.5,38.73333333333333
-13.100000381469727,13.399999618530273,37.15238095238095
-13.100000381469727,13.300000190734863,35.97777777777778
-13.100000381469727,13.199999809265137,35.24444444444445
-13.100000381469727,13.100000381469727,34.32222222222223
-13.100000381469727,13.0,32.680952380952384
-13.100000381469727,12.899999618530273,31.660317460317454
-13.100000381469727,12.800000190734863,30.79047619047619
-13.100000381469727,12.699999809265137,29.684126984126983
-13.100000381469727,12.600000381469727,
-13.100000381469727,12.5,
-13.100000381469727,12.399999618530273,
-13.0,16.600000381469727,
-13.0,16.5,
-13.0,16.399999618530273,
-13.0,16.299999237060547,
-13.0,16.200000762939453,
-13.0,16.100000381469727,
-13.0,16.0,
-13.0,15.899999618530273,
-13.0,15.800000190734863,
-13.0,15.699999809265137,
-13.0,15.600000381469727,
-13.0,15.5,
-13.0,15.399999618530273,67.86031746031746
-13.0,15.300000190734863,65.88412698412698
-13.0,15.199999809265137,62.98888888888891
-13.0,15.100000381469727,60.96031746031746
-13.0,15.0,58.75555555555555
-13.0,14.899999618530273,56.60317460317461
-13.0,14.800000190734863,54.89523809523809
-13.0,14.699999809265137,52.82222222222221
-13.0,14.600000381469727,50.953968253968256
-13.0,14.5,50.03650793650794
-13.0,14.399999618530273,48.453968253968256
-13.0,14.300000190734863,46.79047619047619
-13.0,14.199999809265137,45.94126984126984
-13.0,14.100000381469727,44.61587301587302
-13.0,14.0,42.8984126984127
-13.0,13.899999618530273,41.850793650793655
-13.0,13.800000190734863,40.98253968253968
-13.0,13.699999809265137,40.73174603174603
-13.0,13.600000381469727,40.271428571428565
-13.0,13.5,38.56031746031746
-13.0,13.399999618530273,37.439682539682536
-13.0,13.300000190734863,35.925396825396824
-13.0,13.199999809265137,34.717460317460315
-13.0,13.100000381469727,34.07301587301587
-13.0,13.0,32.453968253968256
-13.0,12.899999618530273,31.317460317460327
-13.0,12.800000190734863,30.5015873015873
-13.0,12.699999809265137,29.179365079365084
-13.0,12.600000381469727,27.639682539682536
-13.0,12.5,26.992063492063487
-13.0,12.399999618530273,
-12.899999618530273,16.600000381469727,
-12.899999618530273,16.5,
-12.899999618530273,16.399999618530273,
-12.899999618530273,16.299999237060547,
-12.899999618530273,16.200000762939453,
-12.899999618530273,16.100000381469727,
-12.899999618530273,16.0,
-12.899999618530273,15.899999618530273,
-12.899999618530273,15.800000190734863,
-12.899999618530273,15.699999809265137,
-12.899999618530273,15.600000381469727,
-12.899999618530273,15.5,
-12.899999618530273,15.399999618530273,
-12.899999618530273,15.300000190734863,66.08571428571429
-12.899999618530273,15.199999809265137,63.19841269841269
-12.899999618530273,15.100000381469727,60.87619047619047
-12.899999618530273,15.0,58.88095238095238
-12.899999618530273,14.899999618530273,56.86031746031746
-12.899999618530273,14.800000190734863,54.47460317460317
-12.899999618530273,14.699999809265137,52.30634920634921
-12.899999618530273,14.600000381469727,50.11746031746032
-12.899999618530273,14.5,49.4920634920635
-12.899999618530273,14.399999618530273,48.095238095238095
-12.899999618530273,14.300000190734863,47.19365079365078
-12.899999618530273,14.199999809265137,45.89841269841269
-12.899999618530273,14.100000381469727,43.88095238095238
-12.899999618530273,14.0,42.590476190476195
-12.899999618530273,13.899999618530273,41.59206349206348
-12.899999618530273,13.800000190734863,40.52698412698413
-12.899999618530273,13.699999809265137,40.039682539682545
-12.899999618530273,13.600000381469727,39.831746031746036
-12.899999618530273,13.5,38.252380952380946
-12.899999618530273,13.399999618530273,36.74285714285715
-12.899999618530273,13.300000190734863,35.53809523809523
-12.899999618530273,13.199999809265137,34.06666666666666
-12.899999618530273,13.100000381469727,33.68730158730159
-12.899999618530273,13.0,32.1015873015873
-12.899999618530273,12.899999618530273,30.755555555555556
-12.899999618530273,12.800000190734863,29.853968253968258
-12.899999618530273,12.699999809265137,28.853968253968258
-12.899999618530273,12.600000381469727,27.47301587301587
-12.899999618530273,12.5,
-12.899999618530273,12.399999618530273,
-12.800000190734863,16.600000381469727,
-12.800000190734863,16.5,
-12.800000190734863,16.399999618530273,
-12.800000190734863,16.299999237060547,
-12.800000190734863,16.200000762939453,
-12.800000190734863,16.100000381469727,
-12.800000190734863,16.0,
-12.800000190734863,15.899999618530273,
-12.800000190734863,15.800000190734863,
-12.800000190734863,15.699999809265137,
-12.800000190734863,15.600000381469727,
-12.800000190734863,15.5,
-12.800000190734863,15.399999618530273,
-12.800000190734863,15.300000190734863,
-12.800000190734863,15.199999809265137,62.91269841269842
-12.800000190734863,15.100000381469727,60.88730158730159
-12.800000190734863,15.0,59.015873015873
-12.800000190734863,14.899999618530273,56.84761904761905
-12.800000190734863,14.800000190734863,54.4920634920635
-12.800000190734863,14.699999809265137,51.977777777777774
-12.800000190734863,14.600000381469727,49.93650793650793
-12.800000190734863,14.5,49.11746031746032
-12.800000190734863,14.399999618530273,47.392063492063485
-12.800000190734863,14.300000190734863,46.026984126984125
-12.800000190734863,14.199999809265137,45.13015873015873
-12.800000190734863,14.100000381469727,43.35396825396825
-12.800000190734863,14.0,42.168253968253964
-12.800000190734863,13.899999618530273,41.17460317460318
-12.800000190734863,13.800000190734863,40.36666666666666
-12.800000190734863,13.699999809265137,39.72063492063493
-12.800000190734863,13.600000381469727,39.231746031746034
-12.800000190734863,13.5,37.57777777777778
-12.800000190734863,13.399999618530273,36.166666666666664
-12.800000190734863,13.300000190734863,34.65555555555555
-12.800000190734863,13.199999809265137,33.78253968253968
-12.800000190734863,13.100000381469727,33.206349206349216
-12.800000190734863,13.0,31.565079365079367
-12.800000190734863,12.899999618530273,30.347619047619045
-12.800000190734863,12.800000190734863,29.45555555555556
-12.800000190734863,12.699999809265137,28.41428571428571
-12.800000190734863,12.600000381469727,27.35238095238095
-12.800000190734863,12.5,26.514285714285716
-12.800000190734863,12.399999618530273,
-12.699999809265137,16.600000381469727,
-12.699999809265137,16.5,
-12.699999809265137,16.399999618530273,
-12.699999809265137,16.299999237060547,
-12.699999809265137,16.200000762939453,
-12.699999809265137,16.100000381469727,
-12.699999809265137,16.0,
-12.699999809265137,15.899999618530273,
-12.699999809265137,15.800000190734863,
-12.699999809265137,15.699999809265137,
-12.699999809265137,15.600000381469727,
-12.699999809265137,15.5,
-12.699999809265137,15.399999618530273,
-12.699999809265137,15.300000190734863,
-12.699999809265137,15.199999809265137,
-12.699999809265137,15.100000381469727,
-12.699999809265137,15.0,59.833333333333336
-12.699999809265137,14.899999618530273,56.666666666666664
-12.699999809265137,14.800000190734863,55.11746031746032
-12.699999809265137,14.699999809265137,52.36507936507937
-12.699999809265137,14.600000381469727,49.917460317460325
-12.699999809265137,14.5,48.919047619047625
-12.699999809265137,14.399999618530273,47.3079365079365
-12.699999809265137,14.300000190734863,45.642857142857146
-12.699999809265137,14.199999809265137,44.544444444444444
-12.699999809265137,14.100000381469727,42.74126984126983
-12.699999809265137,14.0,41.955555555555556
-12.699999809265137,13.899999618530273,41.215873015873015
-12.699999809265137,13.800000190734863,40.142857142857146
-12.699999809265137,13.699999809265137,39.114285714285714
-12.699999809265137,13.600000381469727,38.53174603174604
-12.699999809265137,13.5,36.86825396825397
-12.699999809265137,13.399999618530273,35.50634920634921
-12.699999809265137,13.300000190734863,34.403174603174605
-12.699999809265137,13.199999809265137,33.492063492063494
-12.699999809265137,13.100000381469727,32.89047619047619
-12.699999809265137,13.0,31.43015873015873
-12.699999809265137,12.899999618530273,29.828571428571433
-12.699999809265137,12.800000190734863,28.884126984126983
-12.699999809265137,12.699999809265137,28.1031746031746
-12.699999809265137,12.600000381469727,27.553968253968254
-12.699999809265137,12.5,26.298412698412697
-12.699999809265137,12.399999618530273,
-12.600000381469727,16.600000381469727,
-12.600000381469727,16.5,
-12.600000381469727,16.399999618530273,
-12.600000381469727,16.299999237060547,
-12.600000381469727,16.200000762939453,
-12.600000381469727,16.100000381469727,
-12.600000381469727,16.0,
-12.600000381469727,15.899999618530273,
-12.600000381469727,15.800000190734863,
-12.600000381469727,15.699999809265137,
-12.600000381469727,15.600000381469727,
-12.600000381469727,15.5,
-12.600000381469727,15.399999618530273,
-12.600000381469727,15.300000190734863,
-12.600000381469727,15.199999809265137,
-12.600000381469727,15.100000381469727,
-12.600000381469727,15.0,58.60634920634919
-12.600000381469727,14.899999618530273,56.165079365079364
-12.600000381469727,14.800000190734863,54.26190476190477
-12.600000381469727,14.699999809265137,52.10634920634921
-12.600000381469727,14.600000381469727,49.73809523809524
-12.600000381469727,14.5,47.91269841269842
-12.600000381469727,14.399999618530273,46.633333333333326
-12.600000381469727,14.300000190734863,44.77460317460317
-12.600000381469727,14.199999809265137,43.769841269841265
-12.600000381469727,14.100000381469727,42.303174603174604
-12.600000381469727,14.0,41.69365079365079
-12.600000381469727,13.899999618530273,40.65396825396825
-12.600000381469727,13.800000190734863,39.42698412698413
-12.600000381469727,13.699999809265137,38.38412698412698
-12.600000381469727,13.600000381469727,37.66349206349206
-12.600000381469727,13.5,35.91904761904762
-12.600000381469727,13.399999618530273,34.7063492063492
-12.600000381469727,13.300000190734863,33.90634920634921
-12.600000381469727,13.199999809265137,32.89047619047619
-12.600000381469727,13.100000381469727,32.458730158730155
-12.600000381469727,13.0,30.95873015873015
-12.600000381469727,12.899999618530273,28.920634920634917
-12.600000381469727,12.800000190734863,28.141269841269843
-12.600000381469727,12.699999809265137,27.236507936507937
-12.600000381469727,12.600000381469727,26.71587301587302
-12.600000381469727,12.5,25.30952380952381
-12.600000381469727,12.399999618530273,
-12.5,16.600000381469727,
-12.5,16.5,
-12.5,16.399999618530273,
-12.5,16.299999237060547,
-12.5,16.200000762939453,
-12.5,16.100000381469727,
-12.5,16.0,
-12.5,15.899999618530273,
-12.5,15.800000190734863,
-12.5,15.699999809265137,
-12.5,15.600000381469727,
-12.5,15.5,
-12.5,15.399999618530273,
-12.5,15.300000190734863,
-12.5,15.199999809265137,
-12.5,15.100000381469727,
-12.5,15.0,57.59047619047618
-12.5,14.899999618530273,55.846031746031755
-12.5,14.800000190734863,54.42222222222222
-12.5,14.699999809265137,51.38412698412699
-12.5,14.600000381469727,48.84761904761905
-12.5,14.5,47.03809523809524
-12.5,14.399999618530273,45.53333333333334
-12.5,14.300000190734863,43.958730158730155
-12.5,14.199999809265137,42.98412698412699
-12.5,14.100000381469727,41.731746031746034
-12.5,14.0,41.08888888888888
-12.5,13.899999618530273,39.86507936507937
-12.5,13.800000190734863,38.858730158730154
-12.5,13.699999809265137,37.37619047619048
-12.5,13.600000381469727,36.51269841269842
-12.5,13.5,35.16825396825397
-12.5,13.399999618530273,34.38095238095237
-12.5,13.300000190734863,33.57142857142857
-12.5,13.199999809265137,32.56031746031746
-12.5,13.100000381469727,31.653968253968248
-12.5,13.0,30.16666666666667
-12.5,12.899999618530273,28.482539682539688
-12.5,12.800000190734863,27.23015873015873
-12.5,12.699999809265137,26.58730158730159
-12.5,12.600000381469727,25.9015873015873
-12.5,12.5,24.776190476190475
-12.5,12.399999618530273,
-12.399999618530273,16.600000381469727,
-12.399999618530273,16.5,
-12.399999618530273,16.399999618530273,
-12.399999618530273,16.299999237060547,
-12.399999618530273,16.200000762939453,
-12.399999618530273,16.100000381469727,
-12.399999618530273,16.0,
-12.399999618530273,15.899999618530273,
-12.399999618530273,15.800000190734863,
-12.399999618530273,15.699999809265137,
-12.399999618530273,15.600000381469727,
-12.399999618530273,15.5,
-12.399999618530273,15.399999618530273,
-12.399999618530273,15.300000190734863,
-12.399999618530273,15.199999809265137,
-12.399999618530273,15.100000381469727,
-12.399999618530273,15.0,
-12.399999618530273,14.899999618530273,
-12.399999618530273,14.800000190734863,54.99841269841271
-12.399999618530273,14.699999809265137,51.68253968253968
-12.399999618530273,14.600000381469727,48.146031746031746
-12.399999618530273,14.5,46.974603174603175
-12.399999618530273,14.399999618530273,44.98412698412697
-12.399999618530273,14.300000190734863,43.64920634920635
-12.399999618530273,14.199999809265137,42.6
-12.399999618530273,14.100000381469727,41.32698412698413
-12.399999618530273,14.0,40.71587301587302
-12.399999618530273,13.899999618530273,39.971428571428575
-12.399999618530273,13.800000190734863,38.13809523809524
-12.399999618530273,13.699999809265137,36.58571428571428
-12.399999618530273,13.600000381469727,36.18412698412698
-12.399999618530273,13.5,34.67142857142857
-12.399999618530273,13.399999618530273,33.84603174603175
-12.399999618530273,13.300000190734863,32.98412698412699
-12.399999618530273,13.199999809265137,31.887301587301586
-12.399999618530273,13.100000381469727,31.325396825396826
-12.399999618530273,13.0,29.77460317460318
-12.399999618530273,12.899999618530273,27.74761904761905
-12.399999618530273,12.800000190734863,26.890476190476193
-12.399999618530273,12.699999809265137,25.977777777777778
-12.399999618530273,12.600000381469727,25.385714285714286
-12.399999618530273,12.5,24.00793650793651
-12.399999618530273,12.399999618530273,20.974603174603175
-12.300000190734863,16.600000381469727,
-12.300000190734863,16.5,
-12.300000190734863,16.399999618530273,
-12.300000190734863,16.299999237060547,
-12.300000190734863,16.200000762939453,
-12.300000190734863,16.100000381469727,
-12.300000190734863,16.0,
-12.300000190734863,15.899999618530273,
-12.300000190734863,15.800000190734863,
-12.300000190734863,15.699999809265137,
-12.300000190734863,15.600000381469727,
-12.300000190734863,15.5,
-12.300000190734863,15.399999618530273,
-12.300000190734863,15.300000190734863,
-12.300000190734863,15.199999809265137,
-12.300000190734863,15.100000381469727,
-12.300000190734863,15.0,
-12.300000190734863,14.899999618530273,
-12.300000190734863,14.800000190734863,
-12.300000190734863,14.699999809265137,51.169841269841264
-12.300000190734863,14.600000381469727,48.146031746031746
-12.300000190734863,14.5,46.69841269841269
-12.300000190734863,14.399999618530273,44.82698412698412
-12.300000190734863,14.300000190734863,43.53650793650794
-12.300000190734863,14.199999809265137,42.59047619047619
-12.300000190734863,14.100000381469727,41.37619047619047
-12.300000190734863,14.0,40.82222222222223
-12.300000190734863,13.899999618530273,39.68571428571428
-12.300000190734863,13.800000190734863,37.87460317460318
-12.300000190734863,13.699999809265137,36.48412698412698
-12.300000190734863,13.600000381469727,35.88571428571428
-12.300000190734863,13.5,34.51428571428571
-12.300000190734863,13.399999618530273,33.53809523809524
-12.300000190734863,13.300000190734863,32.50317460317461
-12.300000190734863,13.199999809265137,31.420634920634928
-12.300000190734863,13.100000381469727,30.53809523809524
-12.300000190734863,13.0,29.052380952380947
-12.300000190734863,12.899999618530273,27.56984126984127
-12.300000190734863,12.800000190734863,26.488888888888894
-12.300000190734863,12.699999809265137,26.01904761904762
-12.300000190734863,12.600000381469727,25.02222222222222
-12.300000190734863,12.5,23.6047619047619
-12.300000190734863,12.399999618530273,21.09206349206349
-12.199999809265137,16.600000381469727,
-12.199999809265137,16.5,
-12.199999809265137,16.399999618530273,
-12.199999809265137,16.299999237060547,
-12.199999809265137,16.200000762939453,
-12.199999809265137,16.100000381469727,
-12.199999809265137,16.0,
-12.199999809265137,15.899999618530273,
-12.199999809265137,15.800000190734863,
-12.199999809265137,15.699999809265137,
-12.199999809265137,15.600000381469727,
-12.199999809265137,15.5,
-12.199999809265137,15.399999618530273,
-12.199999809265137,15.300000190734863,
-12.199999809265137,15.199999809265137,
-12.199999809265137,15.100000381469727,
-12.199999809265137,15.0,
-12.199999809265137,14.899999618530273,
-12.199999809265137,14.800000190734863,
-12.199999809265137,14.699999809265137,
-12.199999809265137,14.600000381469727,48.12063492063493
-12.199999809265137,14.5,
-12.199999809265137,14.399999618530273,45.18412698412698
-12.199999809265137,14.300000190734863,43.701587301587296
-12.199999809265137,14.199999809265137,42.51428571428572
-12.199999809265137,14.100000381469727,41.44920634920635
-12.199999809265137,14.0,40.41904761904762
-12.199999809265137,13.899999618530273,39.43333333333334
-12.199999809265137,13.800000190734863,37.31269841269842
-12.199999809265137,13.699999809265137,36.2126984126984
-12.199999809265137,13.600000381469727,35.24285714285715
-12.199999809265137,13.5,33.81269841269842
-12.199999809265137,13.399999618530273,32.955555555555556
-12.199999809265137,13.300000190734863,31.70476190476191
-12.199999809265137,13.199999809265137,30.320634920634923
-12.199999809265137,13.100000381469727,29.34126984126984
-12.199999809265137,13.0,28.468253968253965
-12.199999809265137,12.899999618530273,27.325396825396826
-12.199999809265137,12.800000190734863,26.336507936507935
-12.199999809265137,12.699999809265137,25.78253968253968
-12.199999809265137,12.600000381469727,24.5015873015873
-12.199999809265137,12.5,23.752380952380957
-12.199999809265137,12.399999618530273,21.860317460317464
-12.100000381469727,16.600000381469727,
-12.100000381469727,16.5,
-12.100000381469727,16.399999618530273,
-12.100000381469727,16.299999237060547,
-12.100000381469727,16.200000762939453,
-12.100000381469727,16.100000381469727,
-12.100000381469727,16.0,
-12.100000381469727,15.899999618530273,
-12.100000381469727,15.800000190734863,
-12.100000381469727,15.699999809265137,
-12.100000381469727,15.600000381469727,
-12.100000381469727,15.5,
-12.100000381469727,15.399999618530273,
-12.100000381469727,15.300000190734863,
-12.100000381469727,15.199999809265137,
-12.100000381469727,15.100000381469727,
-12.100000381469727,15.0,
-12.100000381469727,14.899999618530273,
-12.100000381469727,14.800000190734863,
-12.100000381469727,14.699999809265137,
-12.100000381469727,14.600000381469727,
-12.100000381469727,14.5,
-12.100000381469727,14.399999618530273,
-12.100000381469727,14.300000190734863,44.01904761904762
-12.100000381469727,14.199999809265137,43.08730158730159
-12.100000381469727,14.100000381469727,41.1904761904762
-12.100000381469727,14.0,40.5952380952381
-12.100000381469727,13.899999618530273,39.70793650793651
-12.100000381469727,13.800000190734863,37.0968253968254
-12.100000381469727,13.699999809265137,35.98730158730159
-12.100000381469727,13.600000381469727,34.8952380952381
-12.100000381469727,13.5,33.25238095238095
-12.100000381469727,13.399999618530273,32.10476190476191
-12.100000381469727,13.300000190734863,30.59047619047619
-12.100000381469727,13.199999809265137,29.376190476190477
-12.100000381469727,13.100000381469727,28.979365079365078
-12.100000381469727,13.0,27.830158730158733
-12.100000381469727,12.899999618530273,27.20634920634921
-12.100000381469727,12.800000190734863,26.209523809523812
-12.100000381469727,12.699999809265137,25.411111111111115
-12.100000381469727,12.600000381469727,24.609523809523807
-12.100000381469727,12.5,24.239682539682537
-12.100000381469727,12.399999618530273,
-12.0,16.600000381469727,
-12.0,16.5,
-12.0,16.399999618530273,
-12.0,16.299999237060547,
-12.0,16.200000762939453,
-12.0,16.100000381469727,
-12.0,16.0,
-12.0,15.899999618530273,
-12.0,15.800000190734863,
-12.0,15.699999809265137,
-12.0,15.600000381469727,
-12.0,15.5,
-12.0,15.399999618530273,
-12.0,15.300000190734863,
-12.0,15.199999809265137,
-12.0,15.100000381469727,
-12.0,15.0,
-12.0,14.899999618530273,
-12.0,14.800000190734863,
-12.0,14.699999809265137,
-12.0,14.600000381469727,
-12.0,14.5,
-12.0,14.399999618530273,
-12.0,14.300000190734863,
-12.0,14.199999809265137,40.97619047619048
-12.0,14.100000381469727,39.79047619047619
-12.0,14.0,
-12.0,13.899999618530273,37.819047619047616
-12.0,13.800000190734863,36.27936507936507
-12.0,13.699999809265137,
-12.0,13.600000381469727,
-12.0,13.5,32.890476190476186
-12.0,13.399999618530273,32.01111111111111
-12.0,13.300000190734863,30.188888888888886
-12.0,13.199999809265137,28.887301587301582
-12.0,13.100000381469727,28.192063492063497
-12.0,13.0,27.5015873015873
-12.0,12.899999618530273,26.441269841269847
-12.0,12.800000190734863,25.715873015873015
-12.0,12.699999809265137,24.960317460317462
-12.0,12.600000381469727,24.088888888888885
-12.0,12.5,23.525396825396825
-12.0,12.399999618530273,
-11.899999618530273,16.600000381469727,
-11.899999618530273,16.5,
-11.899999618530273,16.399999618530273,
-11.899999618530273,16.299999237060547,
-11.899999618530273,16.200000762939453,
-11.899999618530273,16.100000381469727,
-11.899999618530273,16.0,
-11.899999618530273,15.899999618530273,
-11.899999618530273,15.800000190734863,
-11.899999618530273,15.699999809265137,
-11.899999618530273,15.600000381469727,
-11.899999618530273,15.5,
-11.899999618530273,15.399999618530273,
-11.899999618530273,15.300000190734863,
-11.899999618530273,15.199999809265137,
-11.899999618530273,15.100000381469727,
-11.899999618530273,15.0,
-11.899999618530273,14.899999618530273,
-11.899999618530273,14.800000190734863,
-11.899999618530273,14.699999809265137,
-11.899999618530273,14.600000381469727,
-11.899999618530273,14.5,
-11.899999618530273,14.399999618530273,
-11.899999618530273,14.300000190734863,
-11.899999618530273,14.199999809265137,
-11.899999618530273,14.100000381469727,
-11.899999618530273,14.0,
-11.899999618530273,13.899999618530273,
-11.899999618530273,13.800000190734863,
-11.899999618530273,13.699999809265137,
-11.899999618530273,13.600000381469727,
-11.899999618530273,13.5,
-11.899999618530273,13.399999618530273,31.465079365079365
-11.899999618530273,13.300000190734863,30.114285714285714
-11.899999618530273,13.199999809265137,28.944444444444446
-11.899999618530273,13.100000381469727,27.963492063492065
-11.899999618530273,13.0,26.771428571428572
-11.899999618530273,12.899999618530273,26.012698412698416
-11.899999618530273,12.800000190734863,25.314285714285717
-11.899999618530273,12.699999809265137,24.823809523809523
-11.899999618530273,12.600000381469727,23.97142857142857
-11.899999618530273,12.5,22.806349206349203
-11.899999618530273,12.399999618530273,
-11.800000190734863,16.600000381469727,
-11.800000190734863,16.5,
-11.800000190734863,16.399999618530273,
-11.800000190734863,16.299999237060547,
-11.800000190734863,16.200000762939453,
-11.800000190734863,16.100000381469727,
-11.800000190734863,16.0,
-11.800000190734863,15.899999618530273,
-11.800000190734863,15.800000190734863,
-11.800000190734863,15.699999809265137,
-11.800000190734863,15.600000381469727,
-11.800000190734863,15.5,
-11.800000190734863,15.399999618530273,
-11.800000190734863,15.300000190734863,
-11.800000190734863,15.199999809265137,
-11.800000190734863,15.100000381469727,
-11.800000190734863,15.0,
-11.800000190734863,14.899999618530273,
-11.800000190734863,14.800000190734863,
-11.800000190734863,14.699999809265137,
-11.800000190734863,14.600000381469727,
-11.800000190734863,14.5,
-11.800000190734863,14.399999618530273,
-11.800000190734863,14.300000190734863,
-11.800000190734863,14.199999809265137,
-11.800000190734863,14.100000381469727,
-11.800000190734863,14.0,
-11.800000190734863,13.899999618530273,
-11.800000190734863,13.800000190734863,
-11.800000190734863,13.699999809265137,
-11.800000190734863,13.600000381469727,
-11.800000190734863,13.5,
-11.800000190734863,13.399999618530273,
-11.800000190734863,13.300000190734863,30.123809523809523
-11.800000190734863,13.199999809265137,28.93333333333333
-11.800000190734863,13.100000381469727,28.144444444444442
-11.800000190734863,13.0,26.74444444444444
-11.800000190734863,12.899999618530273,25.866666666666667
-11.800000190734863,12.800000190734863,25.38095238095238
-11.800000190734863,12.699999809265137,24.673015873015874
-11.800000190734863,12.600000381469727,23.915873015873018
-11.800000190734863,12.5,22.504761904761907
-11.800000190734863,12.399999618530273,
-11.699999809265137,16.600000381469727,
-11.699999809265137,16.5,
-11.699999809265137,16.399999618530273,
-11.699999809265137,16.299999237060547,
-11.699999809265137,16.200000762939453,
-11.699999809265137,16.100000381469727,
-11.699999809265137,16.0,
-11.699999809265137,15.899999618530273,
-11.699999809265137,15.800000190734863,
-11.699999809265137,15.699999809265137,
-11.699999809265137,15.600000381469727,
-11.699999809265137,15.5,
-11.699999809265137,15.399999618530273,
-11.699999809265137,15.300000190734863,
-11.699999809265137,15.199999809265137,
-11.699999809265137,15.100000381469727,
-11.699999809265137,15.0,
-11.699999809265137,14.899999618530273,
-11.699999809265137,14.800000190734863,
-11.699999809265137,14.699999809265137,
-11.699999809265137,14.600000381469727,
-11.699999809265137,14.5,
-11.699999809265137,14.399999618530273,
-11.699999809265137,14.300000190734863,
-11.699999809265137,14.199999809265137,
-11.699999809265137,14.100000381469727,
-11.699999809265137,14.0,
-11.699999809265137,13.899999618530273,
-11.699999809265137,13.800000190734863,
-11.699999809265137,13.699999809265137,
-11.699999809265137,13.600000381469727,
-11.699999809265137,13.5,
-11.699999809265137,13.399999618530273,30.8904761904762
-11.699999809265137,13.300000190734863,29.603174603174608
-11.699999809265137,13.199999809265137,28.6031746031746
-11.699999809265137,13.100000381469727,28.280952380952378
-11.699999809265137,13.0,26.887301587301586
-11.699999809265137,12.899999618530273,25.85873015873015
-11.699999809265137,12.800000190734863,25.134920634920636
-11.699999809265137,12.699999809265137,24.45873015873016
-11.699999809265137,12.600000381469727,23.62857142857143
-11.699999809265137,12.5,22.417460317460314
-11.699999809265137,12.399999618530273,
-11.600000381469727,16.600000381469727,
-11.600000381469727,16.5,
-11.600000381469727,16.399999618530273,
-11.600000381469727,16.299999237060547,
-11.600000381469727,16.200000762939453,
-11.600000381469727,16.100000381469727,
-11.600000381469727,16.0,
-11.600000381469727,15.899999618530273,
-11.600000381469727,15.800000190734863,
-11.600000381469727,15.699999809265137,
-11.600000381469727,15.600000381469727,
-11.600000381469727,15.5,
-11.600000381469727,15.399999618530273,
-11.600000381469727,15.300000190734863,
-11.600000381469727,15.199999809265137,
-11.600000381469727,15.100000381469727,
-11.600000381469727,15.0,
-11.600000381469727,14.899999618530273,
-11.600000381469727,14.800000190734863,
-11.600000381469727,14.699999809265137,
-11.600000381469727,14.600000381469727,
-11.600000381469727,14.5,
-11.600000381469727,14.399999618530273,
-11.600000381469727,14.300000190734863,
-11.600000381469727,14.199999809265137,
-11.600000381469727,14.100000381469727,
-11.600000381469727,14.0,
-11.600000381469727,13.899999618530273,
-11.600000381469727,13.800000190734863,
-11.600000381469727,13.699999809265137,
-11.600000381469727,13.600000381469727,
-11.600000381469727,13.5,
-11.600000381469727,13.399999618530273,
-11.600000381469727,13.300000190734863,29.4952380952381
-11.600000381469727,13.199999809265137,28.669841269841267
-11.600000381469727,13.100000381469727,28.56190476190476
-11.600000381469727,13.0,27.388888888888886
-11.600000381469727,12.899999618530273,26.0
-11.600000381469727,12.800000190734863,25.228571428571428
-11.600000381469727,12.699999809265137,24.449206349206353
-11.600000381469727,12.600000381469727,23.841269841269842
-11.600000381469727,12.5,22.53174603174603
-11.600000381469727,12.399999618530273,
-11.5,16.600000381469727,
-11.5,16.5,
-11.5,16.399999618530273,
-11.5,16.299999237060547,
-11.5,16.200000762939453,
-11.5,16.100000381469727,
-11.5,16.0,
-11.5,15.899999618530273,
-11.5,15.800000190734863,
-11.5,15.699999809265137,
-11.5,15.600000381469727,
-11.5,15.5,
-11.5,15.399999618530273,
-11.5,15.300000190734863,
-11.5,15.199999809265137,
-11.5,15.100000381469727,
-11.5,15.0,
-11.5,14.899999618530273,
-11.5,14.800000190734863,
-11.5,14.699999809265137,
-11.5,14.600000381469727,
-11.5,14.5,
-11.5,14.399999618530273,
-11.5,14.300000190734863,
-11.5,14.199999809265137,
-11.5,14.100000381469727,
-11.5,14.0,
-11.5,13.899999618530273,
-11.5,13.800000190734863,
-11.5,13.699999809265137,
-11.5,13.600000381469727,
-11.5,13.5,
-11.5,13.399999618530273,
-11.5,13.300000190734863,
-11.5,13.199999809265137,
-11.5,13.100000381469727,28.41428571428572
-11.5,13.0,27.112698412698418
-11.5,12.899999618530273,25.590476190476195
-11.5,12.800000190734863,24.87777777777778
-11.5,12.699999809265137,24.187301587301587
-11.5,12.600000381469727,23.723809523809525
-11.5,12.5,22.612698412698414
-11.5,12.399999618530273,
-11.399999618530273,16.600000381469727,
-11.399999618530273,16.5,
-11.399999618530273,16.399999618530273,
-11.399999618530273,16.299999237060547,
-11.399999618530273,16.200000762939453,
-11.399999618530273,16.100000381469727,
-11.399999618530273,16.0,
-11.399999618530273,15.899999618530273,
-11.399999618530273,15.800000190734863,
-11.399999618530273,15.699999809265137,
-11.399999618530273,15.600000381469727,
-11.399999618530273,15.5,
-11.399999618530273,15.399999618530273,
-11.399999618530273,15.300000190734863,
-11.399999618530273,15.199999809265137,
-11.399999618530273,15.100000381469727,
-11.399999618530273,15.0,
-11.399999618530273,14.899999618530273,
-11.399999618530273,14.800000190734863,
-11.399999618530273,14.699999809265137,
-11.399999618530273,14.600000381469727,
-11.399999618530273,14.5,
-11.399999618530273,14.399999618530273,
-11.399999618530273,14.300000190734863,
-11.399999618530273,14.199999809265137,
-11.399999618530273,14.100000381469727,
-11.399999618530273,14.0,
-11.399999618530273,13.899999618530273,
-11.399999618530273,13.800000190734863,
-11.399999618530273,13.699999809265137,
-11.399999618530273,13.600000381469727,
-11.399999618530273,13.5,
-11.399999618530273,13.399999618530273,
-11.399999618530273,13.300000190734863,
-11.399999618530273,13.199999809265137,
-11.399999618530273,13.100000381469727,
-11.399999618530273,13.0,
-11.399999618530273,12.899999618530273,24.057142857142853
-11.399999618530273,12.800000190734863,23.138095238095236
-11.399999618530273,12.699999809265137,
-11.399999618530273,12.600000381469727,
-11.399999618530273,12.5,22.574603174603176
-11.399999618530273,12.399999618530273,
